date,name
1985-01-03,Fast of 10 Tevet
1985-02-06,Tu BiShvat
1985-03-06,Fast of Esther
1985-03-07,Purim
1985-03-08,Shushan Purim
1985-04-06,Pesach I
1985-04-07,Pesach II
1985-04-08,Chol HaMoed Pesach
1985-04-09,Chol HaMoed Pesach
1985-04-10,Chol HaMoed Pesach
1985-04-11,Chol HaMoed Pesach
1985-04-12,Pesach VII
1985-04-13,Pesach VIII
1985-04-18,Yom HaShoah
1985-04-24,Yom HaZikaron
1985-04-25,Yom HaAtzmaut
1985-05-09,Lag B'Omer
1985-05-19,Yom Yerushalayim
1985-05-26,Shavuot I
1985-05-27,Shavuot II
1985-07-07,Fast of 17 Tammuz
1985-07-28,Tisha B'Av
1985-08-02,Tu B'Av
1985-09-16,Rosh Hashanah I
1985-09-17,Rosh Hashanah II
1985-09-18,Fast of Gedaliah
1985-09-25,Yom Kippur
1985-09-30,Sukkot I
1985-10-01,Sukkot II
1985-10-02,Chol HaMoed Sukkot
1985-10-03,Chol HaMoed Sukkot
1985-10-04,Chol HaMoed Sukkot
1985-10-05,Chol HaMoed Sukkot
1985-10-06,Hoshana Rabbah
1985-10-07,Shemini Atzeret
1985-10-08,Simchat Torah
1985-12-08,Chanukah Day 1
1985-12-09,Chanukah Day 2
1985-12-10,Chanukah Day 3
1985-12-11,Chanukah Day 4
1985-12-12,Chanukah Day 5
1985-12-13,Chanukah Day 6
1985-12-14,Chanukah Day 7
1985-12-15,Chanukah Day 8
1985-12-22,Fast of 10 Tevet
1986-01-25,Tu BiShvat
1986-02-23,Purim Katan
1986-02-24,Shushan Purim Katan
1986-03-24,Fast of Esther
1986-03-25,Purim
1986-03-26,Shushan Purim
1986-04-24,Pesach I
1986-04-25,Pesach II
1986-04-26,Chol HaMoed Pesach
1986-04-27,Chol HaMoed Pesach
1986-04-28,Chol HaMoed Pesach
1986-04-29,Chol HaMoed Pesach
1986-04-30,Pesach VII
1986-05-01,Pesach VIII
1986-05-06,Yom HaShoah
1986-05-13,Yom HaZikaron
1986-05-14,Yom HaAtzmaut
1986-05-27,Lag B'Omer
1986-06-06,Yom Yerushalayim
1986-06-13,Shavuot I
1986-06-14,Shavuot II
1986-07-24,Fast of 17 Tammuz
1986-08-14,Tisha B'Av
1986-08-20,Tu B'Av
1986-10-04,Rosh Hashanah I
1986-10-05,Rosh Hashanah II
1986-10-06,Fast of Gedaliah
1986-10-13,Yom Kippur
1986-10-18,Sukkot I
1986-10-19,Sukkot II
1986-10-20,Chol HaMoed Sukkot
1986-10-21,Chol HaMoed Sukkot
1986-10-22,Chol HaMoed Sukkot
1986-10-23,Chol HaMoed Sukkot
1986-10-24,Hoshana Rabbah
1986-10-25,Shemini Atzeret
1986-10-26,Simchat Torah
1986-12-27,Chanukah Day 1
1986-12-28,Chanukah Day 2
1986-12-29,Chanukah Day 3
1986-12-30,Chanukah Day 4
1986-12-31,Chanukah Day 5
1987-01-01,Chanukah Day 6
1987-01-02,Chanukah Day 7
1987-01-03,Chanukah Day 8
1987-01-11,Fast of 10 Tevet
1987-02-14,Tu BiShvat
1987-03-12,Fast of Esther
1987-03-15,Purim
1987-03-16,Shushan Purim
1987-04-14,Pesach I
1987-04-15,Pesach II
1987-04-16,Chol HaMoed Pesach
1987-04-17,Chol HaMoed Pesach
1987-04-18,Chol HaMoed Pesach
1987-04-19,Chol HaMoed Pesach
1987-04-20,Pesach VII
1987-04-21,Pesach VIII
1987-04-27,Yom HaShoah
1987-05-04,Yom HaZikaron
1987-05-05,Yom HaAtzmaut
1987-05-17,Lag B'Omer
1987-05-27,Yom Yerushalayim
1987-06-03,Shavuot I
1987-06-04,Shavuot II
1987-07-14,Fast of 17 Tammuz
1987-08-04,Tisha B'Av
1987-08-10,Tu B'Av
1987-09-24,Rosh Hashanah I
1987-09-25,Rosh Hashanah II
1987-09-27,Fast of Gedaliah
1987-10-03,Yom Kippur
1987-10-08,Sukkot I
1987-10-09,Sukkot II
1987-10-10,Chol HaMoed Sukkot
1987-10-11,Chol HaMoed Sukkot
1987-10-12,Chol HaMoed Sukkot
1987-10-13,Chol HaMoed Sukkot
1987-10-14,Hoshana Rabbah
1987-10-15,Shemini Atzeret
1987-10-16,Simchat Torah
1987-12-16,Chanukah Day 1
1987-12-17,Chanukah Day 2
1987-12-18,Chanukah Day 3
1987-12-19,Chanukah Day 4
1987-12-20,Chanukah Day 5
1987-12-21,Chanukah Day 6
1987-12-22,Chanukah Day 7
1987-12-23,Chanukah Day 8
1987-12-31,Fast of 10 Tevet
1988-02-03,Tu BiShvat
1988-03-02,Fast of Esther
1988-03-03,Purim
1988-03-04,Shushan Purim
1988-04-02,Pesach I
1988-04-03,Pesach II
1988-04-04,Chol HaMoed Pesach
1988-04-05,Chol HaMoed Pesach
1988-04-06,Chol HaMoed Pesach
1988-04-07,Chol HaMoed Pesach
1988-04-08,Pesach VII
1988-04-09,Pesach VIII
1988-04-14,Yom HaShoah
1988-04-20,Yom HaZikaron
1988-04-21,Yom HaAtzmaut
1988-05-05,Lag B'Omer
1988-05-15,Yom Yerushalayim
1988-05-22,Shavuot I
1988-05-23,Shavuot II
1988-07-03,Fast of 17 Tammuz
1988-07-24,Tisha B'Av
1988-07-29,Tu B'Av
1988-09-12,Rosh Hashanah I
1988-09-13,Rosh Hashanah II
1988-09-14,Fast of Gedaliah
1988-09-21,Yom Kippur
1988-09-26,Sukkot I
1988-09-27,Sukkot II
1988-09-28,Chol HaMoed Sukkot
1988-09-29,Chol HaMoed Sukkot
1988-09-30,Chol HaMoed Sukkot
1988-10-01,Chol HaMoed Sukkot
1988-10-02,Hoshana Rabbah
1988-10-03,Shemini Atzeret
1988-10-04,Simchat Torah
1988-12-04,Chanukah Day 1
1988-12-05,Chanukah Day 2
1988-12-06,Chanukah Day 3
1988-12-07,Chanukah Day 4
1988-12-08,Chanukah Day 5
1988-12-09,Chanukah Day 6
1988-12-10,Chanukah Day 7
1988-12-11,Chanukah Day 8
1988-12-18,Fast of 10 Tevet
1989-01-21,Tu BiShvat
1989-02-19,Purim Katan
1989-02-20,Shushan Purim Katan
1989-03-20,Fast of Esther
1989-03-21,Purim
1989-03-22,Shushan Purim
1989-04-20,Pesach I
1989-04-21,Pesach II
1989-04-22,Chol HaMoed Pesach
1989-04-23,Chol HaMoed Pesach
1989-04-24,Chol HaMoed Pesach
1989-04-25,Chol HaMoed Pesach
1989-04-26,Pesach VII
1989-04-27,Pesach VIII
1989-05-02,Yom HaShoah
1989-05-09,Yom HaZikaron
1989-05-10,Yom HaAtzmaut
1989-05-23,Lag B'Omer
1989-06-02,Yom Yerushalayim
1989-06-09,Shavuot I
1989-06-10,Shavuot II
1989-07-20,Fast of 17 Tammuz
1989-08-10,Tisha B'Av
1989-08-16,Tu B'Av
1989-09-30,Rosh Hashanah I
1989-10-01,Rosh Hashanah II
1989-10-02,Fast of Gedaliah
1989-10-09,Yom Kippur
1989-10-14,Sukkot I
1989-10-15,Sukkot II
1989-10-16,Chol HaMoed Sukkot
1989-10-17,Chol HaMoed Sukkot
1989-10-18,Chol HaMoed Sukkot
1989-10-19,Chol HaMoed Sukkot
1989-10-20,Hoshana Rabbah
1989-10-21,Shemini Atzeret
1989-10-22,Simchat Torah
1989-12-23,Chanukah Day 1
1989-12-24,Chanukah Day 2
1989-12-25,Chanukah Day 3
1989-12-26,Chanukah Day 4
1989-12-27,Chanukah Day 5
1989-12-28,Chanukah Day 6
1989-12-29,Chanukah Day 7
1989-12-30,Chanukah Day 8
1990-01-07,Fast of 10 Tevet
1990-02-10,Tu BiShvat
1990-03-08,Fast of Esther
1990-03-11,Purim
1990-03-12,Shushan Purim
1990-04-10,Pesach I
1990-04-11,Pesach II
1990-04-12,Chol HaMoed Pesach
1990-04-13,Chol HaMoed Pesach
1990-04-14,Chol HaMoed Pesach
1990-04-15,Chol HaMoed Pesach
1990-04-16,Pesach VII
1990-04-17,Pesach VIII
1990-04-23,Yom HaShoah
1990-04-30,Yom HaZikaron
1990-05-01,Yom HaAtzmaut
1990-05-13,Lag B'Omer
1990-05-23,Yom Yerushalayim
1990-05-30,Shavuot I
1990-05-31,Shavuot II
1990-07-10,Fast of 17 Tammuz
1990-07-31,Tisha B'Av
1990-08-06,Tu B'Av
1990-09-20,Rosh Hashanah I
1990-09-21,Rosh Hashanah II
1990-09-23,Fast of Gedaliah
1990-09-29,Yom Kippur
1990-10-04,Sukkot I
1990-10-05,Sukkot II
1990-10-06,Chol HaMoed Sukkot
1990-10-07,Chol HaMoed Sukkot
1990-10-08,Chol HaMoed Sukkot
1990-10-09,Chol HaMoed Sukkot
1990-10-10,Hoshana Rabbah
1990-10-11,Shemini Atzeret
1990-10-12,Simchat Torah
1990-12-12,Chanukah Day 1
1990-12-13,Chanukah Day 2
1990-12-14,Chanukah Day 3
1990-12-15,Chanukah Day 4
1990-12-16,Chanukah Day 5
1990-12-17,Chanukah Day 6
1990-12-18,Chanukah Day 7
1990-12-19,Chanukah Day 8
1990-12-27,Fast of 10 Tevet
1991-01-30,Tu BiShvat
1991-02-27,Fast of Esther
1991-02-28,Purim
1991-03-01,Shushan Purim
1991-03-30,Pesach I
1991-03-31,Pesach II
1991-04-01,Chol HaMoed Pesach
1991-04-02,Chol HaMoed Pesach
1991-04-03,Chol HaMoed Pesach
1991-04-04,Chol HaMoed Pesach
1991-04-05,Pesach VII
1991-04-06,Pesach VIII
1991-04-11,Yom HaShoah
1991-04-17,Yom HaZikaron
1991-04-18,Yom HaAtzmaut
1991-05-02,Lag B'Omer
1991-05-12,Yom Yerushalayim
1991-05-19,Shavuot I
1991-05-20,Shavuot II
1991-06-30,Fast of 17 Tammuz
1991-07-21,Tisha B'Av
1991-07-26,Tu B'Av
1991-09-09,Rosh Hashanah I
1991-09-10,Rosh Hashanah II
1991-09-11,Fast of Gedaliah
1991-09-18,Yom Kippur
1991-09-23,Sukkot I
1991-09-24,Sukkot II
1991-09-25,Chol HaMoed Sukkot
1991-09-26,Chol HaMoed Sukkot
1991-09-27,Chol HaMoed Sukkot
1991-09-28,Chol HaMoed Sukkot
1991-09-29,Hoshana Rabbah
1991-09-30,Shemini Atzeret
1991-10-01,Simchat Torah
1991-12-02,Chanukah Day 1
1991-12-03,Chanukah Day 2
1991-12-04,Chanukah Day 3
1991-12-05,Chanukah Day 4
1991-12-06,Chanukah Day 5
1991-12-07,Chanukah Day 6
1991-12-08,Chanukah Day 7
1991-12-09,Chanukah Day 8
1991-12-17,Fast of 10 Tevet
1992-01-20,Tu BiShvat
1992-02-18,Purim Katan
1992-02-19,Shushan Purim Katan
1992-03-18,Fast of Esther
1992-03-19,Purim
1992-03-20,Shushan Purim
1992-04-18,Pesach I
1992-04-19,Pesach II
1992-04-20,Chol HaMoed Pesach
1992-04-21,Chol HaMoed Pesach
1992-04-22,Chol HaMoed Pesach
1992-04-23,Chol HaMoed Pesach
1992-04-24,Pesach VII
1992-04-25,Pesach VIII
1992-04-30,Yom HaShoah
1992-05-06,Yom HaZikaron
1992-05-07,Yom HaAtzmaut
1992-05-21,Lag B'Omer
1992-05-31,Yom Yerushalayim
1992-06-07,Shavuot I
1992-06-08,Shavuot II
1992-07-19,Fast of 17 Tammuz
1992-08-09,Tisha B'Av
1992-08-14,Tu B'Av
1992-09-28,Rosh Hashanah I
1992-09-29,Rosh Hashanah II
1992-09-30,Fast of Gedaliah
1992-10-07,Yom Kippur
1992-10-12,Sukkot I
1992-10-13,Sukkot II
1992-10-14,Chol HaMoed Sukkot
1992-10-15,Chol HaMoed Sukkot
1992-10-16,Chol HaMoed Sukkot
1992-10-17,Chol HaMoed Sukkot
1992-10-18,Hoshana Rabbah
1992-10-19,Shemini Atzeret
1992-10-20,Simchat Torah
1992-12-20,Chanukah Day 1
1992-12-21,Chanukah Day 2
1992-12-22,Chanukah Day 3
1992-12-23,Chanukah Day 4
1992-12-24,Chanukah Day 5
1992-12-25,Chanukah Day 6
1992-12-26,Chanukah Day 7
1992-12-27,Chanukah Day 8
1993-01-03,Fast of 10 Tevet
1993-02-06,Tu BiShvat
1993-03-04,Fast of Esther
1993-03-07,Purim
1993-03-08,Shushan Purim
1993-04-06,Pesach I
1993-04-07,Pesach II
1993-04-08,Chol HaMoed Pesach
1993-04-09,Chol HaMoed Pesach
1993-04-10,Chol HaMoed Pesach
1993-04-11,Chol HaMoed Pesach
1993-04-12,Pesach VII
1993-04-13,Pesach VIII
1993-04-19,Yom HaShoah
1993-04-26,Yom HaZikaron
1993-04-27,Yom HaAtzmaut
1993-05-09,Lag B'Omer
1993-05-19,Yom Yerushalayim
1993-05-26,Shavuot I
1993-05-27,Shavuot II
1993-07-06,Fast of 17 Tammuz
1993-07-27,Tisha B'Av
1993-08-02,Tu B'Av
1993-09-16,Rosh Hashanah I
1993-09-17,Rosh Hashanah II
1993-09-19,Fast of Gedaliah
1993-09-25,Yom Kippur
1993-09-30,Sukkot I
1993-10-01,Sukkot II
1993-10-02,Chol HaMoed Sukkot
1993-10-03,Chol HaMoed Sukkot
1993-10-04,Chol HaMoed Sukkot
1993-10-05,Chol HaMoed Sukkot
1993-10-06,Hoshana Rabbah
1993-10-07,Shemini Atzeret
1993-10-08,Simchat Torah
1993-12-09,Chanukah Day 1
1993-12-10,Chanukah Day 2
1993-12-11,Chanukah Day 3
1993-12-12,Chanukah Day 4
1993-12-13,Chanukah Day 5
1993-12-14,Chanukah Day 6
1993-12-15,Chanukah Day 7
1993-12-16,Chanukah Day 8
1993-12-24,Fast of 10 Tevet
1994-01-27,Tu BiShvat
1994-02-24,Fast of Esther
1994-02-25,Purim
1994-02-26,Shushan Purim
1994-03-27,Pesach I
1994-03-28,Pesach II
1994-03-29,Chol HaMoed Pesach
1994-03-30,Chol HaMoed Pesach
1994-03-31,Chol HaMoed Pesach
1994-04-01,Chol HaMoed Pesach
1994-04-02,Pesach VII
1994-04-03,Pesach VIII
1994-04-07,Yom HaShoah
1994-04-13,Yom HaZikaron
1994-04-14,Yom HaAtzmaut
1994-04-29,Lag B'Omer
1994-05-09,Yom Yerushalayim
1994-05-16,Shavuot I
1994-05-17,Shavuot II
1994-06-26,Fast of 17 Tammuz
1994-07-17,Tisha B'Av
1994-07-23,Tu B'Av
1994-09-06,Rosh Hashanah I
1994-09-07,Rosh Hashanah II
1994-09-08,Fast of Gedaliah
1994-09-15,Yom Kippur
1994-09-20,Sukkot I
1994-09-21,Sukkot II
1994-09-22,Chol HaMoed Sukkot
1994-09-23,Chol HaMoed Sukkot
1994-09-24,Chol HaMoed Sukkot
1994-09-25,Chol HaMoed Sukkot
1994-09-26,Hoshana Rabbah
1994-09-27,Shemini Atzeret
1994-09-28,Simchat Torah
1994-11-28,Chanukah Day 1
1994-11-29,Chanukah Day 2
1994-11-30,Chanukah Day 3
1994-12-01,Chanukah Day 4
1994-12-02,Chanukah Day 5
1994-12-03,Chanukah Day 6
1994-12-04,Chanukah Day 7
1994-12-05,Chanukah Day 8
1994-12-13,Fast of 10 Tevet
1995-01-16,Tu BiShvat
1995-02-14,Purim Katan
1995-02-15,Shushan Purim Katan
1995-03-15,Fast of Esther
1995-03-16,Purim
1995-03-17,Shushan Purim
1995-04-15,Pesach I
1995-04-16,Pesach II
1995-04-17,Chol HaMoed Pesach
1995-04-18,Chol HaMoed Pesach
1995-04-19,Chol HaMoed Pesach
1995-04-20,Chol HaMoed Pesach
1995-04-21,Pesach VII
1995-04-22,Pesach VIII
1995-04-27,Yom HaShoah
1995-05-03,Yom HaZikaron
1995-05-04,Yom HaAtzmaut
1995-05-18,Lag B'Omer
1995-05-28,Yom Yerushalayim
1995-06-04,Shavuot I
1995-06-05,Shavuot II
1995-07-16,Fast of 17 Tammuz
1995-08-06,Tisha B'Av
1995-08-11,Tu B'Av
1995-09-25,Rosh Hashanah I
1995-09-26,Rosh Hashanah II
1995-09-27,Fast of Gedaliah
1995-10-04,Yom Kippur
1995-10-09,Sukkot I
1995-10-10,Sukkot II
1995-10-11,Chol HaMoed Sukkot
1995-10-12,Chol HaMoed Sukkot
1995-10-13,Chol HaMoed Sukkot
1995-10-14,Chol HaMoed Sukkot
1995-10-15,Hoshana Rabbah
1995-10-16,Shemini Atzeret
1995-10-17,Simchat Torah
1995-12-18,Chanukah Day 1
1995-12-19,Chanukah Day 2
1995-12-20,Chanukah Day 3
1995-12-21,Chanukah Day 4
1995-12-22,Chanukah Day 5
1995-12-23,Chanukah Day 6
1995-12-24,Chanukah Day 7
1995-12-25,Chanukah Day 8
1996-01-02,Fast of 10 Tevet
1996-02-05,Tu BiShvat
1996-03-04,Fast of Esther
1996-03-05,Purim
1996-03-06,Shushan Purim
1996-04-04,Pesach I
1996-04-05,Pesach II
1996-04-06,Chol HaMoed Pesach
1996-04-07,Chol HaMoed Pesach
1996-04-08,Chol HaMoed Pesach
1996-04-09,Chol HaMoed Pesach
1996-04-10,Pesach VII
1996-04-11,Pesach VIII
1996-04-16,Yom HaShoah
1996-04-23,Yom HaZikaron
1996-04-24,Yom HaAtzmaut
1996-05-07,Lag B'Omer
1996-05-17,Yom Yerushalayim
1996-05-24,Shavuot I
1996-05-25,Shavuot II
1996-07-04,Fast of 17 Tammuz
1996-07-25,Tisha B'Av
1996-07-31,Tu B'Av
1996-09-14,Rosh Hashanah I
1996-09-15,Rosh Hashanah II
1996-09-16,Fast of Gedaliah
1996-09-23,Yom Kippur
1996-09-28,Sukkot I
1996-09-29,Sukkot II
1996-09-30,Chol HaMoed Sukkot
1996-10-01,Chol HaMoed Sukkot
1996-10-02,Chol HaMoed Sukkot
1996-10-03,Chol HaMoed Sukkot
1996-10-04,Hoshana Rabbah
1996-10-05,Shemini Atzeret
1996-10-06,Simchat Torah
1996-12-06,Chanukah Day 1
1996-12-07,Chanukah Day 2
1996-12-08,Chanukah Day 3
1996-12-09,Chanukah Day 4
1996-12-10,Chanukah Day 5
1996-12-11,Chanukah Day 6
1996-12-12,Chanukah Day 7
1996-12-13,Chanukah Day 8
1996-12-20,Fast of 10 Tevet
1997-01-23,Tu BiShvat
1997-02-21,Purim Katan
1997-02-22,Shushan Purim Katan
1997-03-20,Fast of Esther
1997-03-23,Purim
1997-03-24,Shushan Purim
1997-04-22,Pesach I
1997-04-23,Pesach II
1997-04-24,Chol HaMoed Pesach
1997-04-25,Chol HaMoed Pesach
1997-04-26,Chol HaMoed Pesach
1997-04-27,Chol HaMoed Pesach
1997-04-28,Pesach VII
1997-04-29,Pesach VIII
1997-05-05,Yom HaShoah
1997-05-12,Yom HaZikaron
1997-05-13,Yom HaAtzmaut
1997-05-25,Lag B'Omer
1997-06-04,Yom Yerushalayim
1997-06-11,Shavuot I
1997-06-12,Shavuot II
1997-07-22,Fast of 17 Tammuz
1997-08-12,Tisha B'Av
1997-08-18,Tu B'Av
1997-10-02,Rosh Hashanah I
1997-10-03,Rosh Hashanah II
1997-10-05,Fast of Gedaliah
1997-10-11,Yom Kippur
1997-10-16,Sukkot I
1997-10-17,Sukkot II
1997-10-18,Chol HaMoed Sukkot
1997-10-19,Chol HaMoed Sukkot
1997-10-20,Chol HaMoed Sukkot
1997-10-21,Chol HaMoed Sukkot
1997-10-22,Hoshana Rabbah
1997-10-23,Shemini Atzeret
1997-10-24,Simchat Torah
1997-12-24,Chanukah Day 1
1997-12-25,Chanukah Day 2
1997-12-26,Chanukah Day 3
1997-12-27,Chanukah Day 4
1997-12-28,Chanukah Day 5
1997-12-29,Chanukah Day 6
1997-12-30,Chanukah Day 7
1997-12-31,Chanukah Day 8
1998-01-08,Fast of 10 Tevet
1998-02-11,Tu BiShvat
1998-03-11,Fast of Esther
1998-03-12,Purim
1998-03-13,Shushan Purim
1998-04-11,Pesach I
1998-04-12,Pesach II
1998-04-13,Chol HaMoed Pesach
1998-04-14,Chol HaMoed Pesach
1998-04-15,Chol HaMoed Pesach
1998-04-16,Chol HaMoed Pesach
1998-04-17,Pesach VII
1998-04-18,Pesach VIII
1998-04-23,Yom HaShoah
1998-04-29,Yom HaZikaron
1998-04-30,Yom HaAtzmaut
1998-05-14,Lag B'Omer
1998-05-24,Yom Yerushalayim
1998-05-31,Shavuot I
1998-06-01,Shavuot II
1998-07-12,Fast of 17 Tammuz
1998-08-02,Tisha B'Av
1998-08-07,Tu B'Av
1998-09-21,Rosh Hashanah I
1998-09-22,Rosh Hashanah II
1998-09-23,Fast of Gedaliah
1998-09-30,Yom Kippur
1998-10-05,Sukkot I
1998-10-06,Sukkot II
1998-10-07,Chol HaMoed Sukkot
1998-10-08,Chol HaMoed Sukkot
1998-10-09,Chol HaMoed Sukkot
1998-10-10,Chol HaMoed Sukkot
1998-10-11,Hoshana Rabbah
1998-10-12,Shemini Atzeret
1998-10-13,Simchat Torah
1998-12-14,Chanukah Day 1
1998-12-15,Chanukah Day 2
1998-12-16,Chanukah Day 3
1998-12-17,Chanukah Day 4
1998-12-18,Chanukah Day 5
1998-12-19,Chanukah Day 6
1998-12-20,Chanukah Day 7
1998-12-21,Chanukah Day 8
1998-12-29,Fast of 10 Tevet
1999-02-01,Tu BiShvat
1999-03-01,Fast of Esther
1999-03-02,Purim
1999-03-03,Shushan Purim
1999-04-01,Pesach I
1999-04-02,Pesach II
1999-04-03,Chol HaMoed Pesach
1999-04-04,Chol HaMoed Pesach
1999-04-05,Chol HaMoed Pesach
1999-04-06,Chol HaMoed Pesach
1999-04-07,Pesach VII
1999-04-08,Pesach VIII
1999-04-13,Yom HaShoah
1999-04-20,Yom HaZikaron
1999-04-21,Yom HaAtzmaut
1999-05-04,Lag B'Omer
1999-05-14,Yom Yerushalayim
1999-05-21,Shavuot I
1999-05-22,Shavuot II
1999-07-01,Fast of 17 Tammuz
1999-07-22,Tisha B'Av
1999-07-28,Tu B'Av
1999-09-11,Rosh Hashanah I
1999-09-12,Rosh Hashanah II
1999-09-13,Fast of Gedaliah
1999-09-20,Yom Kippur
1999-09-25,Sukkot I
1999-09-26,Sukkot II
1999-09-27,Chol HaMoed Sukkot
1999-09-28,Chol HaMoed Sukkot
1999-09-29,Chol HaMoed Sukkot
1999-09-30,Chol HaMoed Sukkot
1999-10-01,Hoshana Rabbah
1999-10-02,Shemini Atzeret
1999-10-03,Simchat Torah
1999-12-04,Chanukah Day 1
1999-12-05,Chanukah Day 2
1999-12-06,Chanukah Day 3
1999-12-07,Chanukah Day 4
1999-12-08,Chanukah Day 5
1999-12-09,Chanukah Day 6
1999-12-10,Chanukah Day 7
1999-12-11,Chanukah Day 8
1999-12-19,Fast of 10 Tevet
2000-01-22,Tu BiShvat
2000-02-20,Purim Katan
2000-02-21,Shushan Purim Katan
2000-03-20,Fast of Esther
2000-03-21,Purim
2000-03-22,Shushan Purim
2000-04-20,Pesach I
2000-04-21,Pesach II
2000-04-22,Chol HaMoed Pesach
2000-04-23,Chol HaMoed Pesach
2000-04-24,Chol HaMoed Pesach
2000-04-25,Chol HaMoed Pesach
2000-04-26,Pesach VII
2000-04-27,Pesach VIII
2000-05-02,Yom HaShoah
2000-05-09,Yom HaZikaron
2000-05-10,Yom HaAtzmaut
2000-05-23,Lag B'Omer
2000-06-02,Yom Yerushalayim
2000-06-09,Shavuot I
2000-06-10,Shavuot II
2000-07-20,Fast of 17 Tammuz
2000-08-10,Tisha B'Av
2000-08-16,Tu B'Av
2000-09-30,Rosh Hashanah I
2000-10-01,Rosh Hashanah II
2000-10-02,Fast of Gedaliah
2000-10-09,Yom Kippur
2000-10-14,Sukkot I
2000-10-15,Sukkot II
2000-10-16,Chol HaMoed Sukkot
2000-10-17,Chol HaMoed Sukkot
2000-10-18,Chol HaMoed Sukkot
2000-10-19,Chol HaMoed Sukkot
2000-10-20,Hoshana Rabbah
2000-10-21,Shemini Atzeret
2000-10-22,Simchat Torah
2000-12-22,Chanukah Day 1
2000-12-23,Chanukah Day 2
2000-12-24,Chanukah Day 3
2000-12-25,Chanukah Day 4
2000-12-26,Chanukah Day 5
2000-12-27,Chanukah Day 6
2000-12-28,Chanukah Day 7
2000-12-29,Chanukah Day 8
2001-01-05,Fast of 10 Tevet
2001-02-08,Tu BiShvat
2001-03-08,Fast of Esther
2001-03-09,Purim
2001-03-10,Shushan Purim
2001-04-08,Pesach I
2001-04-09,Pesach II
2001-04-10,Chol HaMoed Pesach
2001-04-11,Chol HaMoed Pesach
2001-04-12,Chol HaMoed Pesach
2001-04-13,Chol HaMoed Pesach
2001-04-14,Pesach VII
2001-04-15,Pesach VIII
2001-04-19,Yom HaShoah
2001-04-25,Yom HaZikaron
2001-04-26,Yom HaAtzmaut
2001-05-11,Lag B'Omer
2001-05-21,Yom Yerushalayim
2001-05-28,Shavuot I
2001-05-29,Shavuot II
2001-07-08,Fast of 17 Tammuz
2001-07-29,Tisha B'Av
2001-08-04,Tu B'Av
2001-09-18,Rosh Hashanah I
2001-09-19,Rosh Hashanah II
2001-09-20,Fast of Gedaliah
2001-09-27,Yom Kippur
2001-10-02,Sukkot I
2001-10-03,Sukkot II
2001-10-04,Chol HaMoed Sukkot
2001-10-05,Chol HaMoed Sukkot
2001-10-06,Chol HaMoed Sukkot
2001-10-07,Chol HaMoed Sukkot
2001-10-08,Hoshana Rabbah
2001-10-09,Shemini Atzeret
2001-10-10,Simchat Torah
2001-12-10,Chanukah Day 1
2001-12-11,Chanukah Day 2
2001-12-12,Chanukah Day 3
2001-12-13,Chanukah Day 4
2001-12-14,Chanukah Day 5
2001-12-15,Chanukah Day 6
2001-12-16,Chanukah Day 7
2001-12-17,Chanukah Day 8
2001-12-25,Fast of 10 Tevet
2002-01-28,Tu BiShvat
2002-02-25,Fast of Esther
2002-02-26,Purim
2002-02-27,Shushan Purim
2002-03-28,Pesach I
2002-03-29,Pesach II
2002-03-30,Chol HaMoed Pesach
2002-03-31,Chol HaMoed Pesach
2002-04-01,Chol HaMoed Pesach
2002-04-02,Chol HaMoed Pesach
2002-04-03,Pesach VII
2002-04-04,Pesach VIII
2002-04-09,Yom HaShoah
2002-04-16,Yom HaZikaron
2002-04-17,Yom HaAtzmaut
2002-04-30,Lag B'Omer
2002-05-10,Yom Yerushalayim
2002-05-17,Shavuot I
2002-05-18,Shavuot II
2002-06-27,Fast of 17 Tammuz
2002-07-18,Tisha B'Av
2002-07-24,Tu B'Av
2002-09-07,Rosh Hashanah I
2002-09-08,Rosh Hashanah II
2002-09-09,Fast of Gedaliah
2002-09-16,Yom Kippur
2002-09-21,Sukkot I
2002-09-22,Sukkot II
2002-09-23,Chol HaMoed Sukkot
2002-09-24,Chol HaMoed Sukkot
2002-09-25,Chol HaMoed Sukkot
2002-09-26,Chol HaMoed Sukkot
2002-09-27,Hoshana Rabbah
2002-09-28,Shemini Atzeret
2002-09-29,Simchat Torah
2002-11-30,Chanukah Day 1
2002-12-01,Chanukah Day 2
2002-12-02,Chanukah Day 3
2002-12-03,Chanukah Day 4
2002-12-04,Chanukah Day 5
2002-12-05,Chanukah Day 6
2002-12-06,Chanukah Day 7
2002-12-07,Chanukah Day 8
2002-12-15,Fast of 10 Tevet
2003-01-18,Tu BiShvat
2003-02-16,Purim Katan
2003-02-17,Shushan Purim Katan
2003-03-17,Fast of Esther
2003-03-18,Purim
2003-03-19,Shushan Purim
2003-04-17,Pesach I
2003-04-18,Pesach II
2003-04-19,Chol HaMoed Pesach
2003-04-20,Chol HaMoed Pesach
2003-04-21,Chol HaMoed Pesach
2003-04-22,Chol HaMoed Pesach
2003-04-23,Pesach VII
2003-04-24,Pesach VIII
2003-04-29,Yom HaShoah
2003-05-06,Yom HaZikaron
2003-05-07,Yom HaAtzmaut
2003-05-20,Lag B'Omer
2003-05-30,Yom Yerushalayim
2003-06-06,Shavuot I
2003-06-07,Shavuot II
2003-07-17,Fast of 17 Tammuz
2003-08-07,Tisha B'Av
2003-08-13,Tu B'Av
2003-09-27,Rosh Hashanah I
2003-09-28,Rosh Hashanah II
2003-09-29,Fast of Gedaliah
2003-10-06,Yom Kippur
2003-10-11,Sukkot I
2003-10-12,Sukkot II
2003-10-13,Chol HaMoed Sukkot
2003-10-14,Chol HaMoed Sukkot
2003-10-15,Chol HaMoed Sukkot
2003-10-16,Chol HaMoed Sukkot
2003-10-17,Hoshana Rabbah
2003-10-18,Shemini Atzeret
2003-10-19,Simchat Torah
2003-12-20,Chanukah Day 1
2003-12-21,Chanukah Day 2
2003-12-22,Chanukah Day 3
2003-12-23,Chanukah Day 4
2003-12-24,Chanukah Day 5
2003-12-25,Chanukah Day 6
2003-12-26,Chanukah Day 7
2003-12-27,Chanukah Day 8
2004-01-04,Fast of 10 Tevet
2004-02-07,Tu BiShvat
2004-03-04,Fast of Esther
2004-03-07,Purim
2004-03-08,Shushan Purim
2004-04-06,Pesach I
2004-04-07,Pesach II
2004-04-08,Chol HaMoed Pesach
2004-04-09,Chol HaMoed Pesach
2004-04-10,Chol HaMoed Pesach
2004-04-11,Chol HaMoed Pesach
2004-04-12,Pesach VII
2004-04-13,Pesach VIII
2004-04-19,Yom HaShoah
2004-04-26,Yom HaZikaron
2004-04-27,Yom HaAtzmaut
2004-05-09,Lag B'Omer
2004-05-19,Yom Yerushalayim
2004-05-26,Shavuot I
2004-05-27,Shavuot II
2004-07-06,Fast of 17 Tammuz
2004-07-27,Tisha B'Av
2004-08-02,Tu B'Av
2004-09-16,Rosh Hashanah I
2004-09-17,Rosh Hashanah II
2004-09-19,Fast of Gedaliah
2004-09-25,Yom Kippur
2004-09-30,Sukkot I
2004-10-01,Sukkot II
2004-10-02,Chol HaMoed Sukkot
2004-10-03,Chol HaMoed Sukkot
2004-10-04,Chol HaMoed Sukkot
2004-10-05,Chol HaMoed Sukkot
2004-10-06,Hoshana Rabbah
2004-10-07,Shemini Atzeret
2004-10-08,Simchat Torah
2004-12-08,Chanukah Day 1
2004-12-09,Chanukah Day 2
2004-12-10,Chanukah Day 3
2004-12-11,Chanukah Day 4
2004-12-12,Chanukah Day 5
2004-12-13,Chanukah Day 6
2004-12-14,Chanukah Day 7
2004-12-15,Chanukah Day 8
2004-12-22,Fast of 10 Tevet
2005-01-25,Tu BiShvat
2005-02-23,Purim Katan
2005-02-24,Shushan Purim Katan
2005-03-24,Fast of Esther
2005-03-25,Purim
2005-03-26,Shushan Purim
2005-04-24,Pesach I
2005-04-25,Pesach II
2005-04-26,Chol HaMoed Pesach
2005-04-27,Chol HaMoed Pesach
2005-04-28,Chol HaMoed Pesach
2005-04-29,Chol HaMoed Pesach
2005-04-30,Pesach VII
2005-05-01,Pesach VIII
2005-05-05,Yom HaShoah
2005-05-11,Yom HaZikaron
2005-05-12,Yom HaAtzmaut
2005-05-27,Lag B'Omer
2005-06-06,Yom Yerushalayim
2005-06-13,Shavuot I
2005-06-14,Shavuot II
2005-07-24,Fast of 17 Tammuz
2005-08-14,Tisha B'Av
2005-08-20,Tu B'Av
2005-10-04,Rosh Hashanah I
2005-10-05,Rosh Hashanah II
2005-10-06,Fast of Gedaliah
2005-10-13,Yom Kippur
2005-10-18,Sukkot I
2005-10-19,Sukkot II
2005-10-20,Chol HaMoed Sukkot
2005-10-21,Chol HaMoed Sukkot
2005-10-22,Chol HaMoed Sukkot
2005-10-23,Chol HaMoed Sukkot
2005-10-24,Hoshana Rabbah
2005-10-25,Shemini Atzeret
2005-10-26,Simchat Torah
2005-12-26,Chanukah Day 1
2005-12-27,Chanukah Day 2
2005-12-28,Chanukah Day 3
2005-12-29,Chanukah Day 4
2005-12-30,Chanukah Day 5
2005-12-31,Chanukah Day 6
2006-01-01,Chanukah Day 7
2006-01-02,Chanukah Day 8
2006-01-10,Fast of 10 Tevet
2006-02-13,Tu BiShvat
2006-03-13,Fast of Esther
2006-03-14,Purim
2006-03-15,Shushan Purim
2006-04-13,Pesach I
2006-04-14,Pesach II
2006-04-15,Chol HaMoed Pesach
2006-04-16,Chol HaMoed Pesach
2006-04-17,Chol HaMoed Pesach
2006-04-18,Chol HaMoed Pesach
2006-04-19,Pesach VII
2006-04-20,Pesach VIII
2006-04-25,Yom HaShoah
2006-05-02,Yom HaZikaron
2006-05-03,Yom HaAtzmaut
2006-05-16,Lag B'Omer
2006-05-26,Yom Yerushalayim
2006-06-02,Shavuot I
2006-06-03,Shavuot II
2006-07-13,Fast of 17 Tammuz
2006-08-03,Tisha B'Av
2006-08-09,Tu B'Av
2006-09-23,Rosh Hashanah I
2006-09-24,Rosh Hashanah II
2006-09-25,Fast of Gedaliah
2006-10-02,Yom Kippur
2006-10-07,Sukkot I
2006-10-08,Sukkot II
2006-10-09,Chol HaMoed Sukkot
2006-10-10,Chol HaMoed Sukkot
2006-10-11,Chol HaMoed Sukkot
2006-10-12,Chol HaMoed Sukkot
2006-10-13,Hoshana Rabbah
2006-10-14,Shemini Atzeret
2006-10-15,Simchat Torah
2006-12-16,Chanukah Day 1
2006-12-17,Chanukah Day 2
2006-12-18,Chanukah Day 3
2006-12-19,Chanukah Day 4
2006-12-20,Chanukah Day 5
2006-12-21,Chanukah Day 6
2006-12-22,Chanukah Day 7
2006-12-23,Chanukah Day 8
2006-12-31,Fast of 10 Tevet
2007-02-03,Tu BiShvat
2007-03-01,Fast of Esther
2007-03-04,Purim
2007-03-05,Shushan Purim
2007-04-03,Pesach I
2007-04-04,Pesach II
2007-04-05,Chol HaMoed Pesach
2007-04-06,Chol HaMoed Pesach
2007-04-07,Chol HaMoed Pesach
2007-04-08,Chol HaMoed Pesach
2007-04-09,Pesach VII
2007-04-10,Pesach VIII
2007-04-16,Yom HaShoah
2007-04-23,Yom HaZikaron
2007-04-24,Yom HaAtzmaut
2007-05-06,Lag B'Omer
2007-05-16,Yom Yerushalayim
2007-05-23,Shavuot I
2007-05-24,Shavuot II
2007-07-03,Fast of 17 Tammuz
2007-07-24,Tisha B'Av
2007-07-30,Tu B'Av
2007-09-13,Rosh Hashanah I
2007-09-14,Rosh Hashanah II
2007-09-16,Fast of Gedaliah
2007-09-22,Yom Kippur
2007-09-27,Sukkot I
2007-09-28,Sukkot II
2007-09-29,Chol HaMoed Sukkot
2007-09-30,Chol HaMoed Sukkot
2007-10-01,Chol HaMoed Sukkot
2007-10-02,Chol HaMoed Sukkot
2007-10-03,Hoshana Rabbah
2007-10-04,Shemini Atzeret
2007-10-05,Simchat Torah
2007-12-05,Chanukah Day 1
2007-12-06,Chanukah Day 2
2007-12-07,Chanukah Day 3
2007-12-08,Chanukah Day 4
2007-12-09,Chanukah Day 5
2007-12-10,Chanukah Day 6
2007-12-11,Chanukah Day 7
2007-12-12,Chanukah Day 8
2007-12-19,Fast of 10 Tevet
2008-01-22,Tu BiShvat
2008-02-20,Purim Katan
2008-02-21,Shushan Purim Katan
2008-03-20,Fast of Esther
2008-03-21,Purim
2008-03-22,Shushan Purim
2008-04-20,Pesach I
2008-04-21,Pesach II
2008-04-22,Chol HaMoed Pesach
2008-04-23,Chol HaMoed Pesach
2008-04-24,Chol HaMoed Pesach
2008-04-25,Chol HaMoed Pesach
2008-04-26,Pesach VII
2008-04-27,Pesach VIII
2008-05-01,Yom HaShoah
2008-05-07,Yom HaZikaron
2008-05-08,Yom HaAtzmaut
2008-05-23,Lag B'Omer
2008-06-02,Yom Yerushalayim
2008-06-09,Shavuot I
2008-06-10,Shavuot II
2008-07-20,Fast of 17 Tammuz
2008-08-10,Tisha B'Av
2008-08-16,Tu B'Av
2008-09-30,Rosh Hashanah I
2008-10-01,Rosh Hashanah II
2008-10-02,Fast of Gedaliah
2008-10-09,Yom Kippur
2008-10-14,Sukkot I
2008-10-15,Sukkot II
2008-10-16,Chol HaMoed Sukkot
2008-10-17,Chol HaMoed Sukkot
2008-10-18,Chol HaMoed Sukkot
2008-10-19,Chol HaMoed Sukkot
2008-10-20,Hoshana Rabbah
2008-10-21,Shemini Atzeret
2008-10-22,Simchat Torah
2008-12-22,Chanukah Day 1
2008-12-23,Chanukah Day 2
2008-12-24,Chanukah Day 3
2008-12-25,Chanukah Day 4
2008-12-26,Chanukah Day 5
2008-12-27,Chanukah Day 6
2008-12-28,Chanukah Day 7
2008-12-29,Chanukah Day 8
2009-01-06,Fast of 10 Tevet
2009-02-09,Tu BiShvat
2009-03-09,Fast of Esther
2009-03-10,Purim
2009-03-11,Shushan Purim
2009-04-09,Pesach I
2009-04-10,Pesach II
2009-04-11,Chol HaMoed Pesach
2009-04-12,Chol HaMoed Pesach
2009-04-13,Chol HaMoed Pesach
2009-04-14,Chol HaMoed Pesach
2009-04-15,Pesach VII
2009-04-16,Pesach VIII
2009-04-21,Yom HaShoah
2009-04-28,Yom HaZikaron
2009-04-29,Yom HaAtzmaut
2009-05-12,Lag B'Omer
2009-05-22,Yom Yerushalayim
2009-05-29,Shavuot I
2009-05-30,Shavuot II
2009-07-09,Fast of 17 Tammuz
2009-07-30,Tisha B'Av
2009-08-05,Tu B'Av
2009-09-19,Rosh Hashanah I
2009-09-20,Rosh Hashanah II
2009-09-21,Fast of Gedaliah
2009-09-28,Yom Kippur
2009-10-03,Sukkot I
2009-10-04,Sukkot II
2009-10-05,Chol HaMoed Sukkot
2009-10-06,Chol HaMoed Sukkot
2009-10-07,Chol HaMoed Sukkot
2009-10-08,Chol HaMoed Sukkot
2009-10-09,Hoshana Rabbah
2009-10-10,Shemini Atzeret
2009-10-11,Simchat Torah
2009-12-12,Chanukah Day 1
2009-12-13,Chanukah Day 2
2009-12-14,Chanukah Day 3
2009-12-15,Chanukah Day 4
2009-12-16,Chanukah Day 5
2009-12-17,Chanukah Day 6
2009-12-18,Chanukah Day 7
2009-12-19,Chanukah Day 8
2009-12-27,Fast of 10 Tevet
2010-01-30,Tu BiShvat
2010-02-25,Fast of Esther
2010-02-28,Purim
2010-03-01,Shushan Purim
2010-03-30,Pesach I
2010-03-31,Pesach II
2010-04-01,Chol HaMoed Pesach
2010-04-02,Chol HaMoed Pesach
2010-04-03,Chol HaMoed Pesach
2010-04-04,Chol HaMoed Pesach
2010-04-05,Pesach VII
2010-04-06,Pesach VIII
2010-04-12,Yom HaShoah
2010-04-19,Yom HaZikaron
2010-04-20,Yom HaAtzmaut
2010-05-02,Lag B'Omer
2010-05-12,Yom Yerushalayim
2010-05-19,Shavuot I
2010-05-20,Shavuot II
2010-06-29,Fast of 17 Tammuz
2010-07-20,Tisha B'Av
2010-07-26,Tu B'Av
2010-09-09,Rosh Hashanah I
2010-09-10,Rosh Hashanah II
2010-09-12,Fast of Gedaliah
2010-09-18,Yom Kippur
2010-09-23,Sukkot I
2010-09-24,Sukkot II
2010-09-25,Chol HaMoed Sukkot
2010-09-26,Chol HaMoed Sukkot
2010-09-27,Chol HaMoed Sukkot
2010-09-28,Chol HaMoed Sukkot
2010-09-29,Hoshana Rabbah
2010-09-30,Shemini Atzeret
2010-10-01,Simchat Torah
2010-12-02,Chanukah Day 1
2010-12-03,Chanukah Day 2
2010-12-04,Chanukah Day 3
2010-12-05,Chanukah Day 4
2010-12-06,Chanukah Day 5
2010-12-07,Chanukah Day 6
2010-12-08,Chanukah Day 7
2010-12-09,Chanukah Day 8
2010-12-17,Fast of 10 Tevet
2011-01-20,Tu BiShvat
2011-02-18,Purim Katan
2011-02-19,Shushan Purim Katan
2011-03-17,Fast of Esther
2011-03-20,Purim
2011-03-21,Shushan Purim
2011-04-19,Pesach I
2011-04-20,Pesach II
2011-04-21,Chol HaMoed Pesach
2011-04-22,Chol HaMoed Pesach
2011-04-23,Chol HaMoed Pesach
2011-04-24,Chol HaMoed Pesach
2011-04-25,Pesach VII
2011-04-26,Pesach VIII
2011-05-02,Yom HaShoah
2011-05-09,Yom HaZikaron
2011-05-10,Yom HaAtzmaut
2011-05-22,Lag B'Omer
2011-06-01,Yom Yerushalayim
2011-06-08,Shavuot I
2011-06-09,Shavuot II
2011-07-19,Fast of 17 Tammuz
2011-08-09,Tisha B'Av
2011-08-15,Tu B'Av
2011-09-29,Rosh Hashanah I
2011-09-30,Rosh Hashanah II
2011-10-02,Fast of Gedaliah
2011-10-08,Yom Kippur
2011-10-13,Sukkot I
2011-10-14,Sukkot II
2011-10-15,Chol HaMoed Sukkot
2011-10-16,Chol HaMoed Sukkot
2011-10-17,Chol HaMoed Sukkot
2011-10-18,Chol HaMoed Sukkot
2011-10-19,Hoshana Rabbah
2011-10-20,Shemini Atzeret
2011-10-21,Simchat Torah
2011-12-21,Chanukah Day 1
2011-12-22,Chanukah Day 2
2011-12-23,Chanukah Day 3
2011-12-24,Chanukah Day 4
2011-12-25,Chanukah Day 5
2011-12-26,Chanukah Day 6
2011-12-27,Chanukah Day 7
2011-12-28,Chanukah Day 8
2012-01-05,Fast of 10 Tevet
2012-02-08,Tu BiShvat
2012-03-07,Fast of Esther
2012-03-08,Purim
2012-03-09,Shushan Purim
2012-04-07,Pesach I
2012-04-08,Pesach II
2012-04-09,Chol HaMoed Pesach
2012-04-10,Chol HaMoed Pesach
2012-04-11,Chol HaMoed Pesach
2012-04-12,Chol HaMoed Pesach
2012-04-13,Pesach VII
2012-04-14,Pesach VIII
2012-04-19,Yom HaShoah
2012-04-25,Yom HaZikaron
2012-04-26,Yom HaAtzmaut
2012-05-10,Lag B'Omer
2012-05-20,Yom Yerushalayim
2012-05-27,Shavuot I
2012-05-28,Shavuot II
2012-07-08,Fast of 17 Tammuz
2012-07-29,Tisha B'Av
2012-08-03,Tu B'Av
2012-09-17,Rosh Hashanah I
2012-09-18,Rosh Hashanah II
2012-09-19,Fast of Gedaliah
2012-09-26,Yom Kippur
2012-10-01,Sukkot I
2012-10-02,Sukkot II
2012-10-03,Chol HaMoed Sukkot
2012-10-04,Chol HaMoed Sukkot
2012-10-05,Chol HaMoed Sukkot
2012-10-06,Chol HaMoed Sukkot
2012-10-07,Hoshana Rabbah
2012-10-08,Shemini Atzeret
2012-10-09,Simchat Torah
2012-12-09,Chanukah Day 1
2012-12-10,Chanukah Day 2
2012-12-11,Chanukah Day 3
2012-12-12,Chanukah Day 4
2012-12-13,Chanukah Day 5
2012-12-14,Chanukah Day 6
2012-12-15,Chanukah Day 7
2012-12-16,Chanukah Day 8
2012-12-23,Fast of 10 Tevet
2013-01-26,Tu BiShvat
2013-02-21,Fast of Esther
2013-02-24,Purim
2013-02-25,Shushan Purim
2013-03-26,Pesach I
2013-03-27,Pesach II
2013-03-28,Chol HaMoed Pesach
2013-03-29,Chol HaMoed Pesach
2013-03-30,Chol HaMoed Pesach
2013-03-31,Chol HaMoed Pesach
2013-04-01,Pesach VII
2013-04-02,Pesach VIII
2013-04-08,Yom HaShoah
2013-04-15,Yom HaZikaron
2013-04-16,Yom HaAtzmaut
2013-04-28,Lag B'Omer
2013-05-08,Yom Yerushalayim
2013-05-15,Shavuot I
2013-05-16,Shavuot II
2013-06-25,Fast of 17 Tammuz
2013-07-16,Tisha B'Av
2013-07-22,Tu B'Av
2013-09-05,Rosh Hashanah I
2013-09-06,Rosh Hashanah II
2013-09-08,Fast of Gedaliah
2013-09-14,Yom Kippur
2013-09-19,Sukkot I
2013-09-20,Sukkot II
2013-09-21,Chol HaMoed Sukkot
2013-09-22,Chol HaMoed Sukkot
2013-09-23,Chol HaMoed Sukkot
2013-09-24,Chol HaMoed Sukkot
2013-09-25,Hoshana Rabbah
2013-09-26,Shemini Atzeret
2013-09-27,Simchat Torah
2013-11-28,Chanukah Day 1
2013-11-29,Chanukah Day 2
2013-11-30,Chanukah Day 3
2013-12-01,Chanukah Day 4
2013-12-02,Chanukah Day 5
2013-12-03,Chanukah Day 6
2013-12-04,Chanukah Day 7
2013-12-05,Chanukah Day 8
2013-12-13,Fast of 10 Tevet
2014-01-16,Tu BiShvat
2014-02-14,Purim Katan
2014-02-15,Shushan Purim Katan
2014-03-13,Fast of Esther
2014-03-16,Purim
2014-03-17,Shushan Purim
2014-04-15,Pesach I
2014-04-16,Pesach II
2014-04-17,Chol HaMoed Pesach
2014-04-18,Chol HaMoed Pesach
2014-04-19,Chol HaMoed Pesach
2014-04-20,Chol HaMoed Pesach
2014-04-21,Pesach VII
2014-04-22,Pesach VIII
2014-04-28,Yom HaShoah
2014-05-05,Yom HaZikaron
2014-05-06,Yom HaAtzmaut
2014-05-18,Lag B'Omer
2014-05-28,Yom Yerushalayim
2014-06-04,Shavuot I
2014-06-05,Shavuot II
2014-07-15,Fast of 17 Tammuz
2014-08-05,Tisha B'Av
2014-08-11,Tu B'Av
2014-09-25,Rosh Hashanah I
2014-09-26,Rosh Hashanah II
2014-09-28,Fast of Gedaliah
2014-10-04,Yom Kippur
2014-10-09,Sukkot I
2014-10-10,Sukkot II
2014-10-11,Chol HaMoed Sukkot
2014-10-12,Chol HaMoed Sukkot
2014-10-13,Chol HaMoed Sukkot
2014-10-14,Chol HaMoed Sukkot
2014-10-15,Hoshana Rabbah
2014-10-16,Shemini Atzeret
2014-10-17,Simchat Torah
2014-12-17,Chanukah Day 1
2014-12-18,Chanukah Day 2
2014-12-19,Chanukah Day 3
2014-12-20,Chanukah Day 4
2014-12-21,Chanukah Day 5
2014-12-22,Chanukah Day 6
2014-12-23,Chanukah Day 7
2014-12-24,Chanukah Day 8
2015-01-01,Fast of 10 Tevet
2015-02-04,Tu BiShvat
2015-03-04,Fast of Esther
2015-03-05,Purim
2015-03-06,Shushan Purim
2015-04-04,Pesach I
2015-04-05,Pesach II
2015-04-06,Chol HaMoed Pesach
2015-04-07,Chol HaMoed Pesach
2015-04-08,Chol HaMoed Pesach
2015-04-09,Chol HaMoed Pesach
2015-04-10,Pesach VII
2015-04-11,Pesach VIII
2015-04-16,Yom HaShoah
2015-04-22,Yom HaZikaron
2015-04-23,Yom HaAtzmaut
2015-05-07,Lag B'Omer
2015-05-17,Yom Yerushalayim
2015-05-24,Shavuot I
2015-05-25,Shavuot II
2015-07-05,Fast of 17 Tammuz
2015-07-26,Tisha B'Av
2015-07-31,Tu B'Av
2015-09-14,Rosh Hashanah I
2015-09-15,Rosh Hashanah II
2015-09-16,Fast of Gedaliah
2015-09-23,Yom Kippur
2015-09-28,Sukkot I
2015-09-29,Sukkot II
2015-09-30,Chol HaMoed Sukkot
2015-10-01,Chol HaMoed Sukkot
2015-10-02,Chol HaMoed Sukkot
2015-10-03,Chol HaMoed Sukkot
2015-10-04,Hoshana Rabbah
2015-10-05,Shemini Atzeret
2015-10-06,Simchat Torah
2015-12-07,Chanukah Day 1
2015-12-08,Chanukah Day 2
2015-12-09,Chanukah Day 3
2015-12-10,Chanukah Day 4
2015-12-11,Chanukah Day 5
2015-12-12,Chanukah Day 6
2015-12-13,Chanukah Day 7
2015-12-14,Chanukah Day 8
2015-12-22,Fast of 10 Tevet
2016-01-25,Tu BiShvat
2016-02-23,Purim Katan
2016-02-24,Shushan Purim Katan
2016-03-23,Fast of Esther
2016-03-24,Purim
2016-03-25,Shushan Purim
2016-04-23,Pesach I
2016-04-24,Pesach II
2016-04-25,Chol HaMoed Pesach
2016-04-26,Chol HaMoed Pesach
2016-04-27,Chol HaMoed Pesach
2016-04-28,Chol HaMoed Pesach
2016-04-29,Pesach VII
2016-04-30,Pesach VIII
2016-05-05,Yom HaShoah
2016-05-11,Yom HaZikaron
2016-05-12,Yom HaAtzmaut
2016-05-26,Lag B'Omer
2016-06-05,Yom Yerushalayim
2016-06-12,Shavuot I
2016-06-13,Shavuot II
2016-07-24,Fast of 17 Tammuz
2016-08-14,Tisha B'Av
2016-08-19,Tu B'Av
2016-10-03,Rosh Hashanah I
2016-10-04,Rosh Hashanah II
2016-10-05,Fast of Gedaliah
2016-10-12,Yom Kippur
2016-10-17,Sukkot I
2016-10-18,Sukkot II
2016-10-19,Chol HaMoed Sukkot
2016-10-20,Chol HaMoed Sukkot
2016-10-21,Chol HaMoed Sukkot
2016-10-22,Chol HaMoed Sukkot
2016-10-23,Hoshana Rabbah
2016-10-24,Shemini Atzeret
2016-10-25,Simchat Torah
2016-12-25,Chanukah Day 1
2016-12-26,Chanukah Day 2
2016-12-27,Chanukah Day 3
2016-12-28,Chanukah Day 4
2016-12-29,Chanukah Day 5
2016-12-30,Chanukah Day 6
2016-12-31,Chanukah Day 7
2017-01-01,Chanukah Day 8
2017-01-08,Fast of 10 Tevet
2017-02-11,Tu BiShvat
2017-03-09,Fast of Esther
2017-03-12,Purim
2017-03-13,Shushan Purim
2017-04-11,Pesach I
2017-04-12,Pesach II
2017-04-13,Chol HaMoed Pesach
2017-04-14,Chol HaMoed Pesach
2017-04-15,Chol HaMoed Pesach
2017-04-16,Chol HaMoed Pesach
2017-04-17,Pesach VII
2017-04-18,Pesach VIII
2017-04-24,Yom HaShoah
2017-05-01,Yom HaZikaron
2017-05-02,Yom HaAtzmaut
2017-05-14,Lag B'Omer
2017-05-24,Yom Yerushalayim
2017-05-31,Shavuot I
2017-06-01,Shavuot II
2017-07-11,Fast of 17 Tammuz
2017-08-01,Tisha B'Av
2017-08-07,Tu B'Av
2017-09-21,Rosh Hashanah I
2017-09-22,Rosh Hashanah II
2017-09-24,Fast of Gedaliah
2017-09-30,Yom Kippur
2017-10-05,Sukkot I
2017-10-06,Sukkot II
2017-10-07,Chol HaMoed Sukkot
2017-10-08,Chol HaMoed Sukkot
2017-10-09,Chol HaMoed Sukkot
2017-10-10,Chol HaMoed Sukkot
2017-10-11,Hoshana Rabbah
2017-10-12,Shemini Atzeret
2017-10-13,Simchat Torah
2017-12-13,Chanukah Day 1
2017-12-14,Chanukah Day 2
2017-12-15,Chanukah Day 3
2017-12-16,Chanukah Day 4
2017-12-17,Chanukah Day 5
2017-12-18,Chanukah Day 6
2017-12-19,Chanukah Day 7
2017-12-20,Chanukah Day 8
2017-12-28,Fast of 10 Tevet
2018-01-31,Tu BiShvat
2018-02-28,Fast of Esther
2018-03-01,Purim
2018-03-02,Shushan Purim
2018-03-31,Pesach I
2018-04-01,Pesach II
2018-04-02,Chol HaMoed Pesach
2018-04-03,Chol HaMoed Pesach
2018-04-04,Chol HaMoed Pesach
2018-04-05,Chol HaMoed Pesach
2018-04-06,Pesach VII
2018-04-07,Pesach VIII
2018-04-12,Yom HaShoah
2018-04-18,Yom HaZikaron
2018-04-19,Yom HaAtzmaut
2018-05-03,Lag B'Omer
2018-05-13,Yom Yerushalayim
2018-05-20,Shavuot I
2018-05-21,Shavuot II
2018-07-01,Fast of 17 Tammuz
2018-07-22,Tisha B'Av
2018-07-27,Tu B'Av
2018-09-10,Rosh Hashanah I
2018-09-11,Rosh Hashanah II
2018-09-12,Fast of Gedaliah
2018-09-19,Yom Kippur
2018-09-24,Sukkot I
2018-09-25,Sukkot II
2018-09-26,Chol HaMoed Sukkot
2018-09-27,Chol HaMoed Sukkot
2018-09-28,Chol HaMoed Sukkot
2018-09-29,Chol HaMoed Sukkot
2018-09-30,Hoshana Rabbah
2018-10-01,Shemini Atzeret
2018-10-02,Simchat Torah
2018-12-03,Chanukah Day 1
2018-12-04,Chanukah Day 2
2018-12-05,Chanukah Day 3
2018-12-06,Chanukah Day 4
2018-12-07,Chanukah Day 5
2018-12-08,Chanukah Day 6
2018-12-09,Chanukah Day 7
2018-12-10,Chanukah Day 8
2018-12-18,Fast of 10 Tevet
2019-01-21,Tu BiShvat
2019-02-19,Purim Katan
2019-02-20,Shushan Purim Katan
2019-03-20,Fast of Esther
2019-03-21,Purim
2019-03-22,Shushan Purim
2019-04-20,Pesach I
2019-04-21,Pesach II
2019-04-22,Chol HaMoed Pesach
2019-04-23,Chol HaMoed Pesach
2019-04-24,Chol HaMoed Pesach
2019-04-25,Chol HaMoed Pesach
2019-04-26,Pesach VII
2019-04-27,Pesach VIII
2019-05-02,Yom HaShoah
2019-05-08,Yom HaZikaron
2019-05-09,Yom HaAtzmaut
2019-05-23,Lag B'Omer
2019-06-02,Yom Yerushalayim
2019-06-09,Shavuot I
2019-06-10,Shavuot II
2019-07-21,Fast of 17 Tammuz
2019-08-11,Tisha B'Av
2019-08-16,Tu B'Av
2019-09-30,Rosh Hashanah I
2019-10-01,Rosh Hashanah II
2019-10-02,Fast of Gedaliah
2019-10-09,Yom Kippur
2019-10-14,Sukkot I
2019-10-15,Sukkot II
2019-10-16,Chol HaMoed Sukkot
2019-10-17,Chol HaMoed Sukkot
2019-10-18,Chol HaMoed Sukkot
2019-10-19,Chol HaMoed Sukkot
2019-10-20,Hoshana Rabbah
2019-10-21,Shemini Atzeret
2019-10-22,Simchat Torah
2019-12-23,Chanukah Day 1
2019-12-24,Chanukah Day 2
2019-12-25,Chanukah Day 3
2019-12-26,Chanukah Day 4
2019-12-27,Chanukah Day 5
2019-12-28,Chanukah Day 6
2019-12-29,Chanukah Day 7
2019-12-30,Chanukah Day 8
2020-01-07,Fast of 10 Tevet
2020-02-10,Tu BiShvat
2020-03-09,Fast of Esther
2020-03-10,Purim
2020-03-11,Shushan Purim
2020-04-09,Pesach I
2020-04-10,Pesach II
2020-04-11,Chol HaMoed Pesach
2020-04-12,Chol HaMoed Pesach
2020-04-13,Chol HaMoed Pesach
2020-04-14,Chol HaMoed Pesach
2020-04-15,Pesach VII
2020-04-16,Pesach VIII
2020-04-21,Yom HaShoah
2020-04-28,Yom HaZikaron
2020-04-29,Yom HaAtzmaut
2020-05-12,Lag B'Omer
2020-05-22,Yom Yerushalayim
2020-05-29,Shavuot I
2020-05-30,Shavuot II
2020-07-09,Fast of 17 Tammuz
2020-07-30,Tisha B'Av
2020-08-05,Tu B'Av
2020-09-19,Rosh Hashanah I
2020-09-20,Rosh Hashanah II
2020-09-21,Fast of Gedaliah
2020-09-28,Yom Kippur
2020-10-03,Sukkot I
2020-10-04,Sukkot II
2020-10-05,Chol HaMoed Sukkot
2020-10-06,Chol HaMoed Sukkot
2020-10-07,Chol HaMoed Sukkot
2020-10-08,Chol HaMoed Sukkot
2020-10-09,Hoshana Rabbah
2020-10-10,Shemini Atzeret
2020-10-11,Simchat Torah
2020-12-11,Chanukah Day 1
2020-12-12,Chanukah Day 2
2020-12-13,Chanukah Day 3
2020-12-14,Chanukah Day 4
2020-12-15,Chanukah Day 5
2020-12-16,Chanukah Day 6
2020-12-17,Chanukah Day 7
2020-12-18,Chanukah Day 8
2020-12-25,Fast of 10 Tevet
2021-01-28,Tu BiShvat
2021-02-25,Fast of Esther
2021-02-26,Purim
2021-02-27,Shushan Purim
2021-03-28,Pesach I
2021-03-29,Pesach II
2021-03-30,Chol HaMoed Pesach
2021-03-31,Chol HaMoed Pesach
2021-04-01,Chol HaMoed Pesach
2021-04-02,Chol HaMoed Pesach
2021-04-03,Pesach VII
2021-04-04,Pesach VIII
2021-04-08,Yom HaShoah
2021-04-14,Yom HaZikaron
2021-04-15,Yom HaAtzmaut
2021-04-30,Lag B'Omer
2021-05-10,Yom Yerushalayim
2021-05-17,Shavuot I
2021-05-18,Shavuot II
2021-06-27,Fast of 17 Tammuz
2021-07-18,Tisha B'Av
2021-07-24,Tu B'Av
2021-09-07,Rosh Hashanah I
2021-09-08,Rosh Hashanah II
2021-09-09,Fast of Gedaliah
2021-09-16,Yom Kippur
2021-09-21,Sukkot I
2021-09-22,Sukkot II
2021-09-23,Chol HaMoed Sukkot
2021-09-24,Chol HaMoed Sukkot
2021-09-25,Chol HaMoed Sukkot
2021-09-26,Chol HaMoed Sukkot
2021-09-27,Hoshana Rabbah
2021-09-28,Shemini Atzeret
2021-09-29,Simchat Torah
2021-11-29,Chanukah Day 1
2021-11-30,Chanukah Day 2
2021-12-01,Chanukah Day 3
2021-12-02,Chanukah Day 4
2021-12-03,Chanukah Day 5
2021-12-04,Chanukah Day 6
2021-12-05,Chanukah Day 7
2021-12-06,Chanukah Day 8
2021-12-14,Fast of 10 Tevet
2022-01-17,Tu BiShvat
2022-02-15,Purim Katan
2022-02-16,Shushan Purim Katan
2022-03-16,Fast of Esther
2022-03-17,Purim
2022-03-18,Shushan Purim
2022-04-16,Pesach I
2022-04-17,Pesach II
2022-04-18,Chol HaMoed Pesach
2022-04-19,Chol HaMoed Pesach
2022-04-20,Chol HaMoed Pesach
2022-04-21,Chol HaMoed Pesach
2022-04-22,Pesach VII
2022-04-23,Pesach VIII
2022-04-28,Yom HaShoah
2022-05-04,Yom HaZikaron
2022-05-05,Yom HaAtzmaut
2022-05-19,Lag B'Omer
2022-05-29,Yom Yerushalayim
2022-06-05,Shavuot I
2022-06-06,Shavuot II
2022-07-17,Fast of 17 Tammuz
2022-08-07,Tisha B'Av
2022-08-12,Tu B'Av
2022-09-26,Rosh Hashanah I
2022-09-27,Rosh Hashanah II
2022-09-28,Fast of Gedaliah
2022-10-05,Yom Kippur
2022-10-10,Sukkot I
2022-10-11,Sukkot II
2022-10-12,Chol HaMoed Sukkot
2022-10-13,Chol HaMoed Sukkot
2022-10-14,Chol HaMoed Sukkot
2022-10-15,Chol HaMoed Sukkot
2022-10-16,Hoshana Rabbah
2022-10-17,Shemini Atzeret
2022-10-18,Simchat Torah
2022-12-19,Chanukah Day 1
2022-12-20,Chanukah Day 2
2022-12-21,Chanukah Day 3
2022-12-22,Chanukah Day 4
2022-12-23,Chanukah Day 5
2022-12-24,Chanukah Day 6
2022-12-25,Chanukah Day 7
2022-12-26,Chanukah Day 8
2023-01-03,Fast of 10 Tevet
2023-02-06,Tu BiShvat
2023-03-06,Fast of Esther
2023-03-07,Purim
2023-03-08,Shushan Purim
2023-04-06,Pesach I
2023-04-07,Pesach II
2023-04-08,Chol HaMoed Pesach
2023-04-09,Chol HaMoed Pesach
2023-04-10,Chol HaMoed Pesach
2023-04-11,Chol HaMoed Pesach
2023-04-12,Pesach VII
2023-04-13,Pesach VIII
2023-04-18,Yom HaShoah
2023-04-25,Yom HaZikaron
2023-04-26,Yom HaAtzmaut
2023-05-09,Lag B'Omer
2023-05-19,Yom Yerushalayim
2023-05-26,Shavuot I
2023-05-27,Shavuot II
2023-07-06,Fast of 17 Tammuz
2023-07-27,Tisha B'Av
2023-08-02,Tu B'Av
2023-09-16,Rosh Hashanah I
2023-09-17,Rosh Hashanah II
2023-09-18,Fast of Gedaliah
2023-09-25,Yom Kippur
2023-09-30,Sukkot I
2023-10-01,Sukkot II
2023-10-02,Chol HaMoed Sukkot
2023-10-03,Chol HaMoed Sukkot
2023-10-04,Chol HaMoed Sukkot
2023-10-05,Chol HaMoed Sukkot
2023-10-06,Hoshana Rabbah
2023-10-07,Shemini Atzeret
2023-10-08,Simchat Torah
2023-12-08,Chanukah Day 1
2023-12-09,Chanukah Day 2
2023-12-10,Chanukah Day 3
2023-12-11,Chanukah Day 4
2023-12-12,Chanukah Day 5
2023-12-13,Chanukah Day 6
2023-12-14,Chanukah Day 7
2023-12-15,Chanukah Day 8
2023-12-22,Fast of 10 Tevet
2024-01-25,Tu BiShvat
2024-02-23,Purim Katan
2024-02-24,Shushan Purim Katan
2024-03-21,Fast of Esther
2024-03-24,Purim
2024-03-25,Shushan Purim
2024-04-23,Pesach I
2024-04-24,Pesach II
2024-04-25,Chol HaMoed Pesach
2024-04-26,Chol HaMoed Pesach
2024-04-27,Chol HaMoed Pesach
2024-04-28,Chol HaMoed Pesach
2024-04-29,Pesach VII
2024-04-30,Pesach VIII
2024-05-06,Yom HaShoah
2024-05-13,Yom HaZikaron
2024-05-14,Yom HaAtzmaut
2024-05-26,Lag B'Omer
2024-06-05,Yom Yerushalayim
2024-06-12,Shavuot I
2024-06-13,Shavuot II
2024-07-23,Fast of 17 Tammuz
2024-08-13,Tisha B'Av
2024-08-19,Tu B'Av
2024-10-03,Rosh Hashanah I
2024-10-04,Rosh Hashanah II
2024-10-06,Fast of Gedaliah
2024-10-12,Yom Kippur
2024-10-17,Sukkot I
2024-10-18,Sukkot II
2024-10-19,Chol HaMoed Sukkot
2024-10-20,Chol HaMoed Sukkot
2024-10-21,Chol HaMoed Sukkot
2024-10-22,Chol HaMoed Sukkot
2024-10-23,Hoshana Rabbah
2024-10-24,Shemini Atzeret
2024-10-25,Simchat Torah
2024-12-26,Chanukah Day 1
2024-12-27,Chanukah Day 2
2024-12-28,Chanukah Day 3
2024-12-29,Chanukah Day 4
2024-12-30,Chanukah Day 5
2024-12-31,Chanukah Day 6
2025-01-01,Chanukah Day 7
2025-01-02,Chanukah Day 8
2025-01-10,Fast of 10 Tevet
2025-02-13,Tu BiShvat
2025-03-13,Fast of Esther
2025-03-14,Purim
2025-03-15,Shushan Purim
2025-04-13,Pesach I
2025-04-14,Pesach II
2025-04-15,Chol HaMoed Pesach
2025-04-16,Chol HaMoed Pesach
2025-04-17,Chol HaMoed Pesach
2025-04-18,Chol HaMoed Pesach
2025-04-19,Pesach VII
2025-04-20,Pesach VIII
2025-04-24,Yom HaShoah
2025-04-30,Yom HaZikaron
2025-05-01,Yom HaAtzmaut
2025-05-16,Lag B'Omer
2025-05-26,Yom Yerushalayim
2025-06-02,Shavuot I
2025-06-03,Shavuot II
2025-07-13,Fast of 17 Tammuz
2025-08-03,Tisha B'Av
2025-08-09,Tu B'Av
2025-09-23,Rosh Hashanah I
2025-09-24,Rosh Hashanah II
2025-09-25,Fast of Gedaliah
2025-10-02,Yom Kippur
2025-10-07,Sukkot I
2025-10-08,Sukkot II
2025-10-09,Chol HaMoed Sukkot
2025-10-10,Chol HaMoed Sukkot
2025-10-11,Chol HaMoed Sukkot
2025-10-12,Chol HaMoed Sukkot
2025-10-13,Hoshana Rabbah
2025-10-14,Shemini Atzeret
2025-10-15,Simchat Torah
2025-12-15,Chanukah Day 1
2025-12-16,Chanukah Day 2
2025-12-17,Chanukah Day 3
2025-12-18,Chanukah Day 4
2025-12-19,Chanukah Day 5
2025-12-20,Chanukah Day 6
2025-12-21,Chanukah Day 7
2025-12-22,Chanukah Day 8
2025-12-30,Fast of 10 Tevet
2026-02-02,Tu BiShvat
2026-03-02,Fast of Esther
2026-03-03,Purim
2026-03-04,Shushan Purim
2026-04-02,Pesach I
2026-04-03,Pesach II
2026-04-04,Chol HaMoed Pesach
2026-04-05,Chol HaMoed Pesach
2026-04-06,Chol HaMoed Pesach
2026-04-07,Chol HaMoed Pesach
2026-04-08,Pesach VII
2026-04-09,Pesach VIII
2026-04-14,Yom HaShoah
2026-04-21,Yom HaZikaron
2026-04-22,Yom HaAtzmaut
2026-05-05,Lag B'Omer
2026-05-15,Yom Yerushalayim
2026-05-22,Shavuot I
2026-05-23,Shavuot II
2026-07-02,Fast of 17 Tammuz
2026-07-23,Tisha B'Av
2026-07-29,Tu B'Av
2026-09-12,Rosh Hashanah I
2026-09-13,Rosh Hashanah II
2026-09-14,Fast of Gedaliah
2026-09-21,Yom Kippur
2026-09-26,Sukkot I
2026-09-27,Sukkot II
2026-09-28,Chol HaMoed Sukkot
2026-09-29,Chol HaMoed Sukkot
2026-09-30,Chol HaMoed Sukkot
2026-10-01,Chol HaMoed Sukkot
2026-10-02,Hoshana Rabbah
2026-10-03,Shemini Atzeret
2026-10-04,Simchat Torah
2026-12-05,Chanukah Day 1
2026-12-06,Chanukah Day 2
2026-12-07,Chanukah Day 3
2026-12-08,Chanukah Day 4
2026-12-09,Chanukah Day 5
2026-12-10,Chanukah Day 6
2026-12-11,Chanukah Day 7
2026-12-12,Chanukah Day 8
2026-12-20,Fast of 10 Tevet
2027-01-23,Tu BiShvat
2027-02-21,Purim Katan
2027-02-22,Shushan Purim Katan
2027-03-22,Fast of Esther
2027-03-23,Purim
2027-03-24,Shushan Purim
2027-04-22,Pesach I
2027-04-23,Pesach II
2027-04-24,Chol HaMoed Pesach
2027-04-25,Chol HaMoed Pesach
2027-04-26,Chol HaMoed Pesach
2027-04-27,Chol HaMoed Pesach
2027-04-28,Pesach VII
2027-04-29,Pesach VIII
2027-05-04,Yom HaShoah
2027-05-11,Yom HaZikaron
2027-05-12,Yom HaAtzmaut
2027-05-25,Lag B'Omer
2027-06-04,Yom Yerushalayim
2027-06-11,Shavuot I
2027-06-12,Shavuot II
2027-07-22,Fast of 17 Tammuz
2027-08-12,Tisha B'Av
2027-08-18,Tu B'Av
2027-10-02,Rosh Hashanah I
2027-10-03,Rosh Hashanah II
2027-10-04,Fast of Gedaliah
2027-10-11,Yom Kippur
2027-10-16,Sukkot I
2027-10-17,Sukkot II
2027-10-18,Chol HaMoed Sukkot
2027-10-19,Chol HaMoed Sukkot
2027-10-20,Chol HaMoed Sukkot
2027-10-21,Chol HaMoed Sukkot
2027-10-22,Hoshana Rabbah
2027-10-23,Shemini Atzeret
2027-10-24,Simchat Torah
2027-12-25,Chanukah Day 1
2027-12-26,Chanukah Day 2
2027-12-27,Chanukah Day 3
2027-12-28,Chanukah Day 4
2027-12-29,Chanukah Day 5
2027-12-30,Chanukah Day 6
2027-12-31,Chanukah Day 7
2028-01-01,Chanukah Day 8
2028-01-09,Fast of 10 Tevet
2028-02-12,Tu BiShvat
2028-03-09,Fast of Esther
2028-03-12,Purim
2028-03-13,Shushan Purim
2028-04-11,Pesach I
2028-04-12,Pesach II
2028-04-13,Chol HaMoed Pesach
2028-04-14,Chol HaMoed Pesach
2028-04-15,Chol HaMoed Pesach
2028-04-16,Chol HaMoed Pesach
2028-04-17,Pesach VII
2028-04-18,Pesach VIII
2028-04-24,Yom HaShoah
2028-05-01,Yom HaZikaron
2028-05-02,Yom HaAtzmaut
2028-05-14,Lag B'Omer
2028-05-24,Yom Yerushalayim
2028-05-31,Shavuot I
2028-06-01,Shavuot II
2028-07-11,Fast of 17 Tammuz
2028-08-01,Tisha B'Av
2028-08-07,Tu B'Av
2028-09-21,Rosh Hashanah I
2028-09-22,Rosh Hashanah II
2028-09-24,Fast of Gedaliah
2028-09-30,Yom Kippur
2028-10-05,Sukkot I
2028-10-06,Sukkot II
2028-10-07,Chol HaMoed Sukkot
2028-10-08,Chol HaMoed Sukkot
2028-10-09,Chol HaMoed Sukkot
2028-10-10,Chol HaMoed Sukkot
2028-10-11,Hoshana Rabbah
2028-10-12,Shemini Atzeret
2028-10-13,Simchat Torah
2028-12-13,Chanukah Day 1
2028-12-14,Chanukah Day 2
2028-12-15,Chanukah Day 3
2028-12-16,Chanukah Day 4
2028-12-17,Chanukah Day 5
2028-12-18,Chanukah Day 6
2028-12-19,Chanukah Day 7
2028-12-20,Chanukah Day 8
2028-12-28,Fast of 10 Tevet
2029-01-31,Tu BiShvat
2029-02-28,Fast of Esther
2029-03-01,Purim
2029-03-02,Shushan Purim
2029-03-31,Pesach I
2029-04-01,Pesach II
2029-04-02,Chol HaMoed Pesach
2029-04-03,Chol HaMoed Pesach
2029-04-04,Chol HaMoed Pesach
2029-04-05,Chol HaMoed Pesach
2029-04-06,Pesach VII
2029-04-07,Pesach VIII
2029-04-12,Yom HaShoah
2029-04-18,Yom HaZikaron
2029-04-19,Yom HaAtzmaut
2029-05-03,Lag B'Omer
2029-05-13,Yom Yerushalayim
2029-05-20,Shavuot I
2029-05-21,Shavuot II
2029-07-01,Fast of 17 Tammuz
2029-07-22,Tisha B'Av
2029-07-27,Tu B'Av
2029-09-10,Rosh Hashanah I
2029-09-11,Rosh Hashanah II
2029-09-12,Fast of Gedaliah
2029-09-19,Yom Kippur
2029-09-24,Sukkot I
2029-09-25,Sukkot II
2029-09-26,Chol HaMoed Sukkot
2029-09-27,Chol HaMoed Sukkot
2029-09-28,Chol HaMoed Sukkot
2029-09-29,Chol HaMoed Sukkot
2029-09-30,Hoshana Rabbah
2029-10-01,Shemini Atzeret
2029-10-02,Simchat Torah
2029-12-02,Chanukah Day 1
2029-12-03,Chanukah Day 2
2029-12-04,Chanukah Day 3
2029-12-05,Chanukah Day 4
2029-12-06,Chanukah Day 5
2029-12-07,Chanukah Day 6
2029-12-08,Chanukah Day 7
2029-12-09,Chanukah Day 8
2029-12-16,Fast of 10 Tevet
2030-01-19,Tu BiShvat
2030-02-17,Purim Katan
2030-02-18,Shushan Purim Katan
2030-03-18,Fast of Esther
2030-03-19,Purim
2030-03-20,Shushan Purim
2030-04-18,Pesach I
2030-04-19,Pesach II
2030-04-20,Chol HaMoed Pesach
2030-04-21,Chol HaMoed Pesach
2030-04-22,Chol HaMoed Pesach
2030-04-23,Chol HaMoed Pesach
2030-04-24,Pesach VII
2030-04-25,Pesach VIII
2030-04-30,Yom HaShoah
2030-05-07,Yom HaZikaron
2030-05-08,Yom HaAtzmaut
2030-05-21,Lag B'Omer
2030-05-31,Yom Yerushalayim
2030-06-07,Shavuot I
2030-06-08,Shavuot II
2030-07-18,Fast of 17 Tammuz
2030-08-08,Tisha B'Av
2030-08-14,Tu B'Av
2030-09-28,Rosh Hashanah I
2030-09-29,Rosh Hashanah II
2030-09-30,Fast of Gedaliah
2030-10-07,Yom Kippur
2030-10-12,Sukkot I
2030-10-13,Sukkot II
2030-10-14,Chol HaMoed Sukkot
2030-10-15,Chol HaMoed Sukkot
2030-10-16,Chol HaMoed Sukkot
2030-10-17,Chol HaMoed Sukkot
2030-10-18,Hoshana Rabbah
2030-10-19,Shemini Atzeret
2030-10-20,Simchat Torah
2030-12-21,Chanukah Day 1
2030-12-22,Chanukah Day 2
2030-12-23,Chanukah Day 3
2030-12-24,Chanukah Day 4
2030-12-25,Chanukah Day 5
2030-12-26,Chanukah Day 6
2030-12-27,Chanukah Day 7
2030-12-28,Chanukah Day 8
2031-01-05,Fast of 10 Tevet
2031-02-08,Tu BiShvat
2031-03-06,Fast of Esther
2031-03-09,Purim
2031-03-10,Shushan Purim
2031-04-08,Pesach I
2031-04-09,Pesach II
2031-04-10,Chol HaMoed Pesach
2031-04-11,Chol HaMoed Pesach
2031-04-12,Chol HaMoed Pesach
2031-04-13,Chol HaMoed Pesach
2031-04-14,Pesach VII
2031-04-15,Pesach VIII
2031-04-21,Yom HaShoah
2031-04-28,Yom HaZikaron
2031-04-29,Yom HaAtzmaut
2031-05-11,Lag B'Omer
2031-05-21,Yom Yerushalayim
2031-05-28,Shavuot I
2031-05-29,Shavuot II
2031-07-08,Fast of 17 Tammuz
2031-07-29,Tisha B'Av
2031-08-04,Tu B'Av
2031-09-18,Rosh Hashanah I
2031-09-19,Rosh Hashanah II
2031-09-21,Fast of Gedaliah
2031-09-27,Yom Kippur
2031-10-02,Sukkot I
2031-10-03,Sukkot II
2031-10-04,Chol HaMoed Sukkot
2031-10-05,Chol HaMoed Sukkot
2031-10-06,Chol HaMoed Sukkot
2031-10-07,Chol HaMoed Sukkot
2031-10-08,Hoshana Rabbah
2031-10-09,Shemini Atzeret
2031-10-10,Simchat Torah
2031-12-10,Chanukah Day 1
2031-12-11,Chanukah Day 2
2031-12-12,Chanukah Day 3
2031-12-13,Chanukah Day 4
2031-12-14,Chanukah Day 5
2031-12-15,Chanukah Day 6
2031-12-16,Chanukah Day 7
2031-12-17,Chanukah Day 8
2031-12-25,Fast of 10 Tevet
2032-01-28,Tu BiShvat
2032-02-25,Fast of Esther
2032-02-26,Purim
2032-02-27,Shushan Purim
2032-03-27,Pesach I
2032-03-28,Pesach II
2032-03-29,Chol HaMoed Pesach
2032-03-30,Chol HaMoed Pesach
2032-03-31,Chol HaMoed Pesach
2032-04-01,Chol HaMoed Pesach
2032-04-02,Pesach VII
2032-04-03,Pesach VIII
2032-04-08,Yom HaShoah
2032-04-14,Yom HaZikaron
2032-04-15,Yom HaAtzmaut
2032-04-29,Lag B'Omer
2032-05-09,Yom Yerushalayim
2032-05-16,Shavuot I
2032-05-17,Shavuot II
2032-06-27,Fast of 17 Tammuz
2032-07-18,Tisha B'Av
2032-07-23,Tu B'Av
2032-09-06,Rosh Hashanah I
2032-09-07,Rosh Hashanah II
2032-09-08,Fast of Gedaliah
2032-09-15,Yom Kippur
2032-09-20,Sukkot I
2032-09-21,Sukkot II
2032-09-22,Chol HaMoed Sukkot
2032-09-23,Chol HaMoed Sukkot
2032-09-24,Chol HaMoed Sukkot
2032-09-25,Chol HaMoed Sukkot
2032-09-26,Hoshana Rabbah
2032-09-27,Shemini Atzeret
2032-09-28,Simchat Torah
2032-11-28,Chanukah Day 1
2032-11-29,Chanukah Day 2
2032-11-30,Chanukah Day 3
2032-12-01,Chanukah Day 4
2032-12-02,Chanukah Day 5
2032-12-03,Chanukah Day 6
2032-12-04,Chanukah Day 7
2032-12-05,Chanukah Day 8
2032-12-12,Fast of 10 Tevet
2033-01-15,Tu BiShvat
2033-02-13,Purim Katan
2033-02-14,Shushan Purim Katan
2033-03-14,Fast of Esther
2033-03-15,Purim
2033-03-16,Shushan Purim
2033-04-14,Pesach I
2033-04-15,Pesach II
2033-04-16,Chol HaMoed Pesach
2033-04-17,Chol HaMoed Pesach
2033-04-18,Chol HaMoed Pesach
2033-04-19,Chol HaMoed Pesach
2033-04-20,Pesach VII
2033-04-21,Pesach VIII
2033-04-26,Yom HaShoah
2033-05-03,Yom HaZikaron
2033-05-04,Yom HaAtzmaut
2033-05-17,Lag B'Omer
2033-05-27,Yom Yerushalayim
2033-06-03,Shavuot I
2033-06-04,Shavuot II
2033-07-14,Fast of 17 Tammuz
2033-08-04,Tisha B'Av
2033-08-10,Tu B'Av
2033-09-24,Rosh Hashanah I
2033-09-25,Rosh Hashanah II
2033-09-26,Fast of Gedaliah
2033-10-03,Yom Kippur
2033-10-08,Sukkot I
2033-10-09,Sukkot II
2033-10-10,Chol HaMoed Sukkot
2033-10-11,Chol HaMoed Sukkot
2033-10-12,Chol HaMoed Sukkot
2033-10-13,Chol HaMoed Sukkot
2033-10-14,Hoshana Rabbah
2033-10-15,Shemini Atzeret
2033-10-16,Simchat Torah
2033-12-17,Chanukah Day 1
2033-12-18,Chanukah Day 2
2033-12-19,Chanukah Day 3
2033-12-20,Chanukah Day 4
2033-12-21,Chanukah Day 5
2033-12-22,Chanukah Day 6
2033-12-23,Chanukah Day 7
2033-12-24,Chanukah Day 8
2034-01-01,Fast of 10 Tevet
2034-02-04,Tu BiShvat
2034-03-02,Fast of Esther
2034-03-05,Purim
2034-03-06,Shushan Purim
2034-04-04,Pesach I
2034-04-05,Pesach II
2034-04-06,Chol HaMoed Pesach
2034-04-07,Chol HaMoed Pesach
2034-04-08,Chol HaMoed Pesach
2034-04-09,Chol HaMoed Pesach
2034-04-10,Pesach VII
2034-04-11,Pesach VIII
2034-04-17,Yom HaShoah
2034-04-24,Yom HaZikaron
2034-04-25,Yom HaAtzmaut
2034-05-07,Lag B'Omer
2034-05-17,Yom Yerushalayim
2034-05-24,Shavuot I
2034-05-25,Shavuot II
2034-07-04,Fast of 17 Tammuz
2034-07-25,Tisha B'Av
2034-07-31,Tu B'Av
2034-09-14,Rosh Hashanah I
2034-09-15,Rosh Hashanah II
2034-09-17,Fast of Gedaliah
2034-09-23,Yom Kippur
2034-09-28,Sukkot I
2034-09-29,Sukkot II
2034-09-30,Chol HaMoed Sukkot
2034-10-01,Chol HaMoed Sukkot
2034-10-02,Chol HaMoed Sukkot
2034-10-03,Chol HaMoed Sukkot
2034-10-04,Hoshana Rabbah
2034-10-05,Shemini Atzeret
2034-10-06,Simchat Torah
2034-12-07,Chanukah Day 1
2034-12-08,Chanukah Day 2
2034-12-09,Chanukah Day 3
2034-12-10,Chanukah Day 4
2034-12-11,Chanukah Day 5
2034-12-12,Chanukah Day 6
2034-12-13,Chanukah Day 7
2034-12-14,Chanukah Day 8
2034-12-22,Fast of 10 Tevet
2035-01-25,Tu BiShvat
2035-02-23,Purim Katan
2035-02-24,Shushan Purim Katan
2035-03-22,Fast of Esther
2035-03-25,Purim
2035-03-26,Shushan Purim
2035-04-24,Pesach I
2035-04-25,Pesach II
2035-04-26,Chol HaMoed Pesach
2035-04-27,Chol HaMoed Pesach
2035-04-28,Chol HaMoed Pesach
2035-04-29,Chol HaMoed Pesach
2035-04-30,Pesach VII
2035-05-01,Pesach VIII
2035-05-07,Yom HaShoah
2035-05-14,Yom HaZikaron
2035-05-15,Yom HaAtzmaut
2035-05-27,Lag B'Omer
2035-06-06,Yom Yerushalayim
2035-06-13,Shavuot I
2035-06-14,Shavuot II
2035-07-24,Fast of 17 Tammuz
2035-08-14,Tisha B'Av
2035-08-20,Tu B'Av
2035-10-04,Rosh Hashanah I
2035-10-05,Rosh Hashanah II
2035-10-07,Fast of Gedaliah
2035-10-13,Yom Kippur
2035-10-18,Sukkot I
2035-10-19,Sukkot II
2035-10-20,Chol HaMoed Sukkot
2035-10-21,Chol HaMoed Sukkot
2035-10-22,Chol HaMoed Sukkot
2035-10-23,Chol HaMoed Sukkot
2035-10-24,Hoshana Rabbah
2035-10-25,Shemini Atzeret
2035-10-26,Simchat Torah
2035-12-26,Chanukah Day 1
2035-12-27,Chanukah Day 2
2035-12-28,Chanukah Day 3
2035-12-29,Chanukah Day 4
2035-12-30,Chanukah Day 5
2035-12-31,Chanukah Day 6
2036-01-01,Chanukah Day 7
2036-01-02,Chanukah Day 8
2036-01-10,Fast of 10 Tevet
2036-02-13,Tu BiShvat
2036-03-12,Fast of Esther
2036-03-13,Purim
2036-03-14,Shushan Purim
2036-04-12,Pesach I
2036-04-13,Pesach II
2036-04-14,Chol HaMoed Pesach
2036-04-15,Chol HaMoed Pesach
2036-04-16,Chol HaMoed Pesach
2036-04-17,Chol HaMoed Pesach
2036-04-18,Pesach VII
2036-04-19,Pesach VIII
2036-04-24,Yom HaShoah
2036-04-30,Yom HaZikaron
2036-05-01,Yom HaAtzmaut
2036-05-15,Lag B'Omer
2036-05-25,Yom Yerushalayim
2036-06-01,Shavuot I
2036-06-02,Shavuot II
2036-07-13,Fast of 17 Tammuz
2036-08-03,Tisha B'Av
2036-08-08,Tu B'Av
2036-09-22,Rosh Hashanah I
2036-09-23,Rosh Hashanah II
2036-09-24,Fast of Gedaliah
2036-10-01,Yom Kippur
2036-10-06,Sukkot I
2036-10-07,Sukkot II
2036-10-08,Chol HaMoed Sukkot
2036-10-09,Chol HaMoed Sukkot
2036-10-10,Chol HaMoed Sukkot
2036-10-11,Chol HaMoed Sukkot
2036-10-12,Hoshana Rabbah
2036-10-13,Shemini Atzeret
2036-10-14,Simchat Torah
2036-12-14,Chanukah Day 1
2036-12-15,Chanukah Day 2
2036-12-16,Chanukah Day 3
2036-12-17,Chanukah Day 4
2036-12-18,Chanukah Day 5
2036-12-19,Chanukah Day 6
2036-12-20,Chanukah Day 7
2036-12-21,Chanukah Day 8
2036-12-28,Fast of 10 Tevet
2037-01-31,Tu BiShvat
2037-02-26,Fast of Esther
2037-03-01,Purim
2037-03-02,Shushan Purim
2037-03-31,Pesach I
2037-04-01,Pesach II
2037-04-02,Chol HaMoed Pesach
2037-04-03,Chol HaMoed Pesach
2037-04-04,Chol HaMoed Pesach
2037-04-05,Chol HaMoed Pesach
2037-04-06,Pesach VII
2037-04-07,Pesach VIII
2037-04-13,Yom HaShoah
2037-04-20,Yom HaZikaron
2037-04-21,Yom HaAtzmaut
2037-05-03,Lag B'Omer
2037-05-13,Yom Yerushalayim
2037-05-20,Shavuot I
2037-05-21,Shavuot II
2037-06-30,Fast of 17 Tammuz
2037-07-21,Tisha B'Av
2037-07-27,Tu B'Av
2037-09-10,Rosh Hashanah I
2037-09-11,Rosh Hashanah II
2037-09-13,Fast of Gedaliah
2037-09-19,Yom Kippur
2037-09-24,Sukkot I
2037-09-25,Sukkot II
2037-09-26,Chol HaMoed Sukkot
2037-09-27,Chol HaMoed Sukkot
2037-09-28,Chol HaMoed Sukkot
2037-09-29,Chol HaMoed Sukkot
2037-09-30,Hoshana Rabbah
2037-10-01,Shemini Atzeret
2037-10-02,Simchat Torah
2037-12-03,Chanukah Day 1
2037-12-04,Chanukah Day 2
2037-12-05,Chanukah Day 3
2037-12-06,Chanukah Day 4
2037-12-07,Chanukah Day 5
2037-12-08,Chanukah Day 6
2037-12-09,Chanukah Day 7
2037-12-10,Chanukah Day 8
2037-12-18,Fast of 10 Tevet
2038-01-21,Tu BiShvat
2038-02-19,Purim Katan
2038-02-20,Shushan Purim Katan
2038-03-18,Fast of Esther
2038-03-21,Purim
2038-03-22,Shushan Purim
2038-04-20,Pesach I
2038-04-21,Pesach II
2038-04-22,Chol HaMoed Pesach
2038-04-23,Chol HaMoed Pesach
2038-04-24,Chol HaMoed Pesach
2038-04-25,Chol HaMoed Pesach
2038-04-26,Pesach VII
2038-04-27,Pesach VIII
2038-05-03,Yom HaShoah
2038-05-10,Yom HaZikaron
2038-05-11,Yom HaAtzmaut
2038-05-23,Lag B'Omer
2038-06-02,Yom Yerushalayim
2038-06-09,Shavuot I
2038-06-10,Shavuot II
2038-07-20,Fast of 17 Tammuz
2038-08-10,Tisha B'Av
2038-08-16,Tu B'Av
2038-09-30,Rosh Hashanah I
2038-10-01,Rosh Hashanah II
2038-10-03,Fast of Gedaliah
2038-10-09,Yom Kippur
2038-10-14,Sukkot I
2038-10-15,Sukkot II
2038-10-16,Chol HaMoed Sukkot
2038-10-17,Chol HaMoed Sukkot
2038-10-18,Chol HaMoed Sukkot
2038-10-19,Chol HaMoed Sukkot
2038-10-20,Hoshana Rabbah
2038-10-21,Shemini Atzeret
2038-10-22,Simchat Torah
2038-12-22,Chanukah Day 1
2038-12-23,Chanukah Day 2
2038-12-24,Chanukah Day 3
2038-12-25,Chanukah Day 4
2038-12-26,Chanukah Day 5
2038-12-27,Chanukah Day 6
2038-12-28,Chanukah Day 7
2038-12-29,Chanukah Day 8
2039-01-06,Fast of 10 Tevet
2039-02-09,Tu BiShvat
2039-03-09,Fast of Esther
2039-03-10,Purim
2039-03-11,Shushan Purim
2039-04-09,Pesach I
2039-04-10,Pesach II
2039-04-11,Chol HaMoed Pesach
2039-04-12,Chol HaMoed Pesach
2039-04-13,Chol HaMoed Pesach
2039-04-14,Chol HaMoed Pesach
2039-04-15,Pesach VII
2039-04-16,Pesach VIII
2039-04-21,Yom HaShoah
2039-04-27,Yom HaZikaron
2039-04-28,Yom HaAtzmaut
2039-05-12,Lag B'Omer
2039-05-22,Yom Yerushalayim
2039-05-29,Shavuot I
2039-05-30,Shavuot II
2039-07-10,Fast of 17 Tammuz
2039-07-31,Tisha B'Av
2039-08-05,Tu B'Av
2039-09-19,Rosh Hashanah I
2039-09-20,Rosh Hashanah II
2039-09-21,Fast of Gedaliah
2039-09-28,Yom Kippur
2039-10-03,Sukkot I
2039-10-04,Sukkot II
2039-10-05,Chol HaMoed Sukkot
2039-10-06,Chol HaMoed Sukkot
2039-10-07,Chol HaMoed Sukkot
2039-10-08,Chol HaMoed Sukkot
2039-10-09,Hoshana Rabbah
2039-10-10,Shemini Atzeret
2039-10-11,Simchat Torah
2039-12-12,Chanukah Day 1
2039-12-13,Chanukah Day 2
2039-12-14,Chanukah Day 3
2039-12-15,Chanukah Day 4
2039-12-16,Chanukah Day 5
2039-12-17,Chanukah Day 6
2039-12-18,Chanukah Day 7
2039-12-19,Chanukah Day 8
2039-12-27,Fast of 10 Tevet
2040-01-30,Tu BiShvat
2040-02-27,Fast of Esther
2040-02-28,Purim
2040-02-29,Shushan Purim
2040-03-29,Pesach I
2040-03-30,Pesach II
2040-03-31,Chol HaMoed Pesach
2040-04-01,Chol HaMoed Pesach
2040-04-02,Chol HaMoed Pesach
2040-04-03,Chol HaMoed Pesach
2040-04-04,Pesach VII
2040-04-05,Pesach VIII
2040-04-10,Yom HaShoah
2040-04-17,Yom HaZikaron
2040-04-18,Yom HaAtzmaut
2040-05-01,Lag B'Omer
2040-05-11,Yom Yerushalayim
2040-05-18,Shavuot I
2040-05-19,Shavuot II
2040-06-28,Fast of 17 Tammuz
2040-07-19,Tisha B'Av
2040-07-25,Tu B'Av
2040-09-08,Rosh Hashanah I
2040-09-09,Rosh Hashanah II
2040-09-10,Fast of Gedaliah
2040-09-17,Yom Kippur
2040-09-22,Sukkot I
2040-09-23,Sukkot II
2040-09-24,Chol HaMoed Sukkot
2040-09-25,Chol HaMoed Sukkot
2040-09-26,Chol HaMoed Sukkot
2040-09-27,Chol HaMoed Sukkot
2040-09-28,Hoshana Rabbah
2040-09-29,Shemini Atzeret
2040-09-30,Simchat Torah
2040-11-30,Chanukah Day 1
2040-12-01,Chanukah Day 2
2040-12-02,Chanukah Day 3
2040-12-03,Chanukah Day 4
2040-12-04,Chanukah Day 5
2040-12-05,Chanukah Day 6
2040-12-06,Chanukah Day 7
2040-12-07,Chanukah Day 8
2040-12-14,Fast of 10 Tevet
2041-01-17,Tu BiShvat
2041-02-15,Purim Katan
2041-02-16,Shushan Purim Katan
2041-03-14,Fast of Esther
2041-03-17,Purim
2041-03-18,Shushan Purim
2041-04-16,Pesach I
2041-04-17,Pesach II
2041-04-18,Chol HaMoed Pesach
2041-04-19,Chol HaMoed Pesach
2041-04-20,Chol HaMoed Pesach
2041-04-21,Chol HaMoed Pesach
2041-04-22,Pesach VII
2041-04-23,Pesach VIII
2041-04-29,Yom HaShoah
2041-05-06,Yom HaZikaron
2041-05-07,Yom HaAtzmaut
2041-05-19,Lag B'Omer
2041-05-29,Yom Yerushalayim
2041-06-05,Shavuot I
2041-06-06,Shavuot II
2041-07-16,Fast of 17 Tammuz
2041-08-06,Tisha B'Av
2041-08-12,Tu B'Av
2041-09-26,Rosh Hashanah I
2041-09-27,Rosh Hashanah II
2041-09-29,Fast of Gedaliah
2041-10-05,Yom Kippur
2041-10-10,Sukkot I
2041-10-11,Sukkot II
2041-10-12,Chol HaMoed Sukkot
2041-10-13,Chol HaMoed Sukkot
2041-10-14,Chol HaMoed Sukkot
2041-10-15,Chol HaMoed Sukkot
2041-10-16,Hoshana Rabbah
2041-10-17,Shemini Atzeret
2041-10-18,Simchat Torah
2041-12-18,Chanukah Day 1
2041-12-19,Chanukah Day 2
2041-12-20,Chanukah Day 3
2041-12-21,Chanukah Day 4
2041-12-22,Chanukah Day 5
2041-12-23,Chanukah Day 6
2041-12-24,Chanukah Day 7
2041-12-25,Chanukah Day 8
2042-01-02,Fast of 10 Tevet
2042-02-05,Tu BiShvat
2042-03-05,Fast of Esther
2042-03-06,Purim
2042-03-07,Shushan Purim
2042-04-05,Pesach I
2042-04-06,Pesach II
2042-04-07,Chol HaMoed Pesach
2042-04-08,Chol HaMoed Pesach
2042-04-09,Chol HaMoed Pesach
2042-04-10,Chol HaMoed Pesach
2042-04-11,Pesach VII
2042-04-12,Pesach VIII
2042-04-17,Yom HaShoah
2042-04-23,Yom HaZikaron
2042-04-24,Yom HaAtzmaut
2042-05-08,Lag B'Omer
2042-05-18,Yom Yerushalayim
2042-05-25,Shavuot I
2042-05-26,Shavuot II
2042-07-06,Fast of 17 Tammuz
2042-07-27,Tisha B'Av
2042-08-01,Tu B'Av
2042-09-15,Rosh Hashanah I
2042-09-16,Rosh Hashanah II
2042-09-17,Fast of Gedaliah
2042-09-24,Yom Kippur
2042-09-29,Sukkot I
2042-09-30,Sukkot II
2042-10-01,Chol HaMoed Sukkot
2042-10-02,Chol HaMoed Sukkot
2042-10-03,Chol HaMoed Sukkot
2042-10-04,Chol HaMoed Sukkot
2042-10-05,Hoshana Rabbah
2042-10-06,Shemini Atzeret
2042-10-07,Simchat Torah
2042-12-08,Chanukah Day 1
2042-12-09,Chanukah Day 2
2042-12-10,Chanukah Day 3
2042-12-11,Chanukah Day 4
2042-12-12,Chanukah Day 5
2042-12-13,Chanukah Day 6
2042-12-14,Chanukah Day 7
2042-12-15,Chanukah Day 8
2042-12-23,Fast of 10 Tevet
2043-01-26,Tu BiShvat
2043-02-24,Purim Katan
2043-02-25,Shushan Purim Katan
2043-03-25,Fast of Esther
2043-03-26,Purim
2043-03-27,Shushan Purim
2043-04-25,Pesach I
2043-04-26,Pesach II
2043-04-27,Chol HaMoed Pesach
2043-04-28,Chol HaMoed Pesach
2043-04-29,Chol HaMoed Pesach
2043-04-30,Chol HaMoed Pesach
2043-05-01,Pesach VII
2043-05-02,Pesach VIII
2043-05-07,Yom HaShoah
2043-05-13,Yom HaZikaron
2043-05-14,Yom HaAtzmaut
2043-05-28,Lag B'Omer
2043-06-07,Yom Yerushalayim
2043-06-14,Shavuot I
2043-06-15,Shavuot II
2043-07-26,Fast of 17 Tammuz
2043-08-16,Tisha B'Av
2043-08-21,Tu B'Av
2043-10-05,Rosh Hashanah I
2043-10-06,Rosh Hashanah II
2043-10-07,Fast of Gedaliah
2043-10-14,Yom Kippur
2043-10-19,Sukkot I
2043-10-20,Sukkot II
2043-10-21,Chol HaMoed Sukkot
2043-10-22,Chol HaMoed Sukkot
2043-10-23,Chol HaMoed Sukkot
2043-10-24,Chol HaMoed Sukkot
2043-10-25,Hoshana Rabbah
2043-10-26,Shemini Atzeret
2043-10-27,Simchat Torah
2043-12-27,Chanukah Day 1
2043-12-28,Chanukah Day 2
2043-12-29,Chanukah Day 3
2043-12-30,Chanukah Day 4
2043-12-31,Chanukah Day 5
2044-01-01,Chanukah Day 6
2044-01-02,Chanukah Day 7
2044-01-03,Chanukah Day 8
2044-01-10,Fast of 10 Tevet
2044-02-13,Tu BiShvat
2044-03-10,Fast of Esther
2044-03-13,Purim
2044-03-14,Shushan Purim
2044-04-12,Pesach I
2044-04-13,Pesach II
2044-04-14,Chol HaMoed Pesach
2044-04-15,Chol HaMoed Pesach
2044-04-16,Chol HaMoed Pesach
2044-04-17,Chol HaMoed Pesach
2044-04-18,Pesach VII
2044-04-19,Pesach VIII
2044-04-25,Yom HaShoah
2044-05-02,Yom HaZikaron
2044-05-03,Yom HaAtzmaut
2044-05-15,Lag B'Omer
2044-05-25,Yom Yerushalayim
2044-06-01,Shavuot I
2044-06-02,Shavuot II
2044-07-12,Fast of 17 Tammuz
2044-08-02,Tisha B'Av
2044-08-08,Tu B'Av
2044-09-22,Rosh Hashanah I
2044-09-23,Rosh Hashanah II
2044-09-25,Fast of Gedaliah
2044-10-01,Yom Kippur
2044-10-06,Sukkot I
2044-10-07,Sukkot II
2044-10-08,Chol HaMoed Sukkot
2044-10-09,Chol HaMoed Sukkot
2044-10-10,Chol HaMoed Sukkot
2044-10-11,Chol HaMoed Sukkot
2044-10-12,Hoshana Rabbah
2044-10-13,Shemini Atzeret
2044-10-14,Simchat Torah
2044-12-15,Chanukah Day 1
2044-12-16,Chanukah Day 2
2044-12-17,Chanukah Day 3
2044-12-18,Chanukah Day 4
2044-12-19,Chanukah Day 5
2044-12-20,Chanukah Day 6
2044-12-21,Chanukah Day 7
2044-12-22,Chanukah Day 8
2044-12-30,Fast of 10 Tevet
2045-02-02,Tu BiShvat
2045-03-02,Fast of Esther
2045-03-03,Purim
2045-03-04,Shushan Purim
2045-04-02,Pesach I
2045-04-03,Pesach II
2045-04-04,Chol HaMoed Pesach
2045-04-05,Chol HaMoed Pesach
2045-04-06,Chol HaMoed Pesach
2045-04-07,Chol HaMoed Pesach
2045-04-08,Pesach VII
2045-04-09,Pesach VIII
2045-04-13,Yom HaShoah
2045-04-19,Yom HaZikaron
2045-04-20,Yom HaAtzmaut
2045-05-05,Lag B'Omer
2045-05-15,Yom Yerushalayim
2045-05-22,Shavuot I
2045-05-23,Shavuot II
2045-07-02,Fast of 17 Tammuz
2045-07-23,Tisha B'Av
2045-07-29,Tu B'Av
2045-09-12,Rosh Hashanah I
2045-09-13,Rosh Hashanah II
2045-09-14,Fast of Gedaliah
2045-09-21,Yom Kippur
2045-09-26,Sukkot I
2045-09-27,Sukkot II
2045-09-28,Chol HaMoed Sukkot
2045-09-29,Chol HaMoed Sukkot
2045-09-30,Chol HaMoed Sukkot
2045-10-01,Chol HaMoed Sukkot
2045-10-02,Hoshana Rabbah
2045-10-03,Shemini Atzeret
2045-10-04,Simchat Torah
2045-12-04,Chanukah Day 1
2045-12-05,Chanukah Day 2
2045-12-06,Chanukah Day 3
2045-12-07,Chanukah Day 4
2045-12-08,Chanukah Day 5
2045-12-09,Chanukah Day 6
2045-12-10,Chanukah Day 7
2045-12-11,Chanukah Day 8
2045-12-19,Fast of 10 Tevet
2046-01-22,Tu BiShvat
2046-02-20,Purim Katan
2046-02-21,Shushan Purim Katan
2046-03-21,Fast of Esther
2046-03-22,Purim
2046-03-23,Shushan Purim
2046-04-21,Pesach I
2046-04-22,Pesach II
2046-04-23,Chol HaMoed Pesach
2046-04-24,Chol HaMoed Pesach
2046-04-25,Chol HaMoed Pesach
2046-04-26,Chol HaMoed Pesach
2046-04-27,Pesach VII
2046-04-28,Pesach VIII
2046-05-03,Yom HaShoah
2046-05-09,Yom HaZikaron
2046-05-10,Yom HaAtzmaut
2046-05-24,Lag B'Omer
2046-06-03,Yom Yerushalayim
2046-06-10,Shavuot I
2046-06-11,Shavuot II
2046-07-22,Fast of 17 Tammuz
2046-08-12,Tisha B'Av
2046-08-17,Tu B'Av
2046-10-01,Rosh Hashanah I
2046-10-02,Rosh Hashanah II
2046-10-03,Fast of Gedaliah
2046-10-10,Yom Kippur
2046-10-15,Sukkot I
2046-10-16,Sukkot II
2046-10-17,Chol HaMoed Sukkot
2046-10-18,Chol HaMoed Sukkot
2046-10-19,Chol HaMoed Sukkot
2046-10-20,Chol HaMoed Sukkot
2046-10-21,Hoshana Rabbah
2046-10-22,Shemini Atzeret
2046-10-23,Simchat Torah
2046-12-24,Chanukah Day 1
2046-12-25,Chanukah Day 2
2046-12-26,Chanukah Day 3
2046-12-27,Chanukah Day 4
2046-12-28,Chanukah Day 5
2046-12-29,Chanukah Day 6
2046-12-30,Chanukah Day 7
2046-12-31,Chanukah Day 8
2047-01-08,Fast of 10 Tevet
2047-02-11,Tu BiShvat
2047-03-11,Fast of Esther
2047-03-12,Purim
2047-03-13,Shushan Purim
2047-04-11,Pesach I
2047-04-12,Pesach II
2047-04-13,Chol HaMoed Pesach
2047-04-14,Chol HaMoed Pesach
2047-04-15,Chol HaMoed Pesach
2047-04-16,Chol HaMoed Pesach
2047-04-17,Pesach VII
2047-04-18,Pesach VIII
2047-04-23,Yom HaShoah
2047-04-30,Yom HaZikaron
2047-05-01,Yom HaAtzmaut
2047-05-14,Lag B'Omer
2047-05-24,Yom Yerushalayim
2047-05-31,Shavuot I
2047-06-01,Shavuot II
2047-07-11,Fast of 17 Tammuz
2047-08-01,Tisha B'Av
2047-08-07,Tu B'Av
2047-09-21,Rosh Hashanah I
2047-09-22,Rosh Hashanah II
2047-09-23,Fast of Gedaliah
2047-09-30,Yom Kippur
2047-10-05,Sukkot I
2047-10-06,Sukkot II
2047-10-07,Chol HaMoed Sukkot
2047-10-08,Chol HaMoed Sukkot
2047-10-09,Chol HaMoed Sukkot
2047-10-10,Chol HaMoed Sukkot
2047-10-11,Hoshana Rabbah
2047-10-12,Shemini Atzeret
2047-10-13,Simchat Torah
2047-12-13,Chanukah Day 1
2047-12-14,Chanukah Day 2
2047-12-15,Chanukah Day 3
2047-12-16,Chanukah Day 4
2047-12-17,Chanukah Day 5
2047-12-18,Chanukah Day 6
2047-12-19,Chanukah Day 7
2047-12-20,Chanukah Day 8
2047-12-27,Fast of 10 Tevet
2048-01-30,Tu BiShvat
2048-02-27,Fast of Esther
2048-02-28,Purim
2048-02-29,Shushan Purim
2048-03-29,Pesach I
2048-03-30,Pesach II
2048-03-31,Chol HaMoed Pesach
2048-04-01,Chol HaMoed Pesach
2048-04-02,Chol HaMoed Pesach
2048-04-03,Chol HaMoed Pesach
2048-04-04,Pesach VII
2048-04-05,Pesach VIII
2048-04-09,Yom HaShoah
2048-04-15,Yom HaZikaron
2048-04-16,Yom HaAtzmaut
2048-05-01,Lag B'Omer
2048-05-11,Yom Yerushalayim
2048-05-18,Shavuot I
2048-05-19,Shavuot II
2048-06-28,Fast of 17 Tammuz
2048-07-19,Tisha B'Av
2048-07-25,Tu B'Av
2048-09-08,Rosh Hashanah I
2048-09-09,Rosh Hashanah II
2048-09-10,Fast of Gedaliah
2048-09-17,Yom Kippur
2048-09-22,Sukkot I
2048-09-23,Sukkot II
2048-09-24,Chol HaMoed Sukkot
2048-09-25,Chol HaMoed Sukkot
2048-09-26,Chol HaMoed Sukkot
2048-09-27,Chol HaMoed Sukkot
2048-09-28,Hoshana Rabbah
2048-09-29,Shemini Atzeret
2048-09-30,Simchat Torah
2048-11-30,Chanukah Day 1
2048-12-01,Chanukah Day 2
2048-12-02,Chanukah Day 3
2048-12-03,Chanukah Day 4
2048-12-04,Chanukah Day 5
2048-12-05,Chanukah Day 6
2048-12-06,Chanukah Day 7
2048-12-07,Chanukah Day 8
2048-12-15,Fast of 10 Tevet
2049-01-18,Tu BiShvat
2049-02-16,Purim Katan
2049-02-17,Shushan Purim Katan
2049-03-17,Fast of Esther
2049-03-18,Purim
2049-03-19,Shushan Purim
2049-04-17,Pesach I
2049-04-18,Pesach II
2049-04-19,Chol HaMoed Pesach
2049-04-20,Chol HaMoed Pesach
2049-04-21,Chol HaMoed Pesach
2049-04-22,Chol HaMoed Pesach
2049-04-23,Pesach VII
2049-04-24,Pesach VIII
2049-04-29,Yom HaShoah
2049-05-05,Yom HaZikaron
2049-05-06,Yom HaAtzmaut
2049-05-20,Lag B'Omer
2049-05-30,Yom Yerushalayim
2049-06-06,Shavuot I
2049-06-07,Shavuot II
2049-07-18,Fast of 17 Tammuz
2049-08-08,Tisha B'Av
2049-08-13,Tu B'Av
2049-09-27,Rosh Hashanah I
2049-09-28,Rosh Hashanah II
2049-09-29,Fast of Gedaliah
2049-10-06,Yom Kippur
2049-10-11,Sukkot I
2049-10-12,Sukkot II
2049-10-13,Chol HaMoed Sukkot
2049-10-14,Chol HaMoed Sukkot
2049-10-15,Chol HaMoed Sukkot
2049-10-16,Chol HaMoed Sukkot
2049-10-17,Hoshana Rabbah
2049-10-18,Shemini Atzeret
2049-10-19,Simchat Torah
2049-12-20,Chanukah Day 1
2049-12-21,Chanukah Day 2
2049-12-22,Chanukah Day 3
2049-12-23,Chanukah Day 4
2049-12-24,Chanukah Day 5
2049-12-25,Chanukah Day 6
2049-12-26,Chanukah Day 7
2049-12-27,Chanukah Day 8
2050-01-04,Fast of 10 Tevet
2050-02-07,Tu BiShvat
2050-03-07,Fast of Esther
2050-03-08,Purim
2050-03-09,Shushan Purim
2050-04-07,Pesach I
2050-04-08,Pesach II
2050-04-09,Chol HaMoed Pesach
2050-04-10,Chol HaMoed Pesach
2050-04-11,Chol HaMoed Pesach
2050-04-12,Chol HaMoed Pesach
2050-04-13,Pesach VII
2050-04-14,Pesach VIII
2050-04-19,Yom HaShoah
2050-04-26,Yom HaZikaron
2050-04-27,Yom HaAtzmaut
2050-05-10,Lag B'Omer
2050-05-20,Yom Yerushalayim
2050-05-27,Shavuot I
2050-05-28,Shavuot II
2050-07-07,Fast of 17 Tammuz
2050-07-28,Tisha B'Av
2050-08-03,Tu B'Av
2050-09-17,Rosh Hashanah I
2050-09-18,Rosh Hashanah II
2050-09-19,Fast of Gedaliah
2050-09-26,Yom Kippur
2050-10-01,Sukkot I
2050-10-02,Sukkot II
2050-10-03,Chol HaMoed Sukkot
2050-10-04,Chol HaMoed Sukkot
2050-10-05,Chol HaMoed Sukkot
2050-10-06,Chol HaMoed Sukkot
2050-10-07,Hoshana Rabbah
2050-10-08,Shemini Atzeret
2050-10-09,Simchat Torah
2050-12-10,Chanukah Day 1
2050-12-11,Chanukah Day 2
2050-12-12,Chanukah Day 3
2050-12-13,Chanukah Day 4
2050-12-14,Chanukah Day 5
2050-12-15,Chanukah Day 6
2050-12-16,Chanukah Day 7
2050-12-17,Chanukah Day 8
2050-12-25,Fast of 10 Tevet
2051-01-28,Tu BiShvat
2051-02-23,Fast of Esther
2051-02-26,Purim
2051-02-27,Shushan Purim
2051-03-28,Pesach I
2051-03-29,Pesach II
2051-03-30,Chol HaMoed Pesach
2051-03-31,Chol HaMoed Pesach
2051-04-01,Chol HaMoed Pesach
2051-04-02,Chol HaMoed Pesach
2051-04-03,Pesach VII
2051-04-04,Pesach VIII
2051-04-10,Yom HaShoah
2051-04-17,Yom HaZikaron
2051-04-18,Yom HaAtzmaut
2051-04-30,Lag B'Omer
2051-05-10,Yom Yerushalayim
2051-05-17,Shavuot I
2051-05-18,Shavuot II
2051-06-27,Fast of 17 Tammuz
2051-07-18,Tisha B'Av
2051-07-24,Tu B'Av
2051-09-07,Rosh Hashanah I
2051-09-08,Rosh Hashanah II
2051-09-10,Fast of Gedaliah
2051-09-16,Yom Kippur
2051-09-21,Sukkot I
2051-09-22,Sukkot II
2051-09-23,Chol HaMoed Sukkot
2051-09-24,Chol HaMoed Sukkot
2051-09-25,Chol HaMoed Sukkot
2051-09-26,Chol HaMoed Sukkot
2051-09-27,Hoshana Rabbah
2051-09-28,Shemini Atzeret
2051-09-29,Simchat Torah
2051-11-29,Chanukah Day 1
2051-11-30,Chanukah Day 2
2051-12-01,Chanukah Day 3
2051-12-02,Chanukah Day 4
2051-12-03,Chanukah Day 5
2051-12-04,Chanukah Day 6
2051-12-05,Chanukah Day 7
2051-12-06,Chanukah Day 8
2051-12-13,Fast of 10 Tevet
2052-01-16,Tu BiShvat
2052-02-14,Purim Katan
2052-02-15,Shushan Purim Katan
2052-03-14,Fast of Esther
2052-03-15,Purim
2052-03-16,Shushan Purim
2052-04-14,Pesach I
2052-04-15,Pesach II
2052-04-16,Chol HaMoed Pesach
2052-04-17,Chol HaMoed Pesach
2052-04-18,Chol HaMoed Pesach
2052-04-19,Chol HaMoed Pesach
2052-04-20,Pesach VII
2052-04-21,Pesach VIII
2052-04-25,Yom HaShoah
2052-05-01,Yom HaZikaron
2052-05-02,Yom HaAtzmaut
2052-05-17,Lag B'Omer
2052-05-27,Yom Yerushalayim
2052-06-03,Shavuot I
2052-06-04,Shavuot II
2052-07-14,Fast of 17 Tammuz
2052-08-04,Tisha B'Av
2052-08-10,Tu B'Av
2052-09-24,Rosh Hashanah I
2052-09-25,Rosh Hashanah II
2052-09-26,Fast of Gedaliah
2052-10-03,Yom Kippur
2052-10-08,Sukkot I
2052-10-09,Sukkot II
2052-10-10,Chol HaMoed Sukkot
2052-10-11,Chol HaMoed Sukkot
2052-10-12,Chol HaMoed Sukkot
2052-10-13,Chol HaMoed Sukkot
2052-10-14,Hoshana Rabbah
2052-10-15,Shemini Atzeret
2052-10-16,Simchat Torah
2052-12-16,Chanukah Day 1
2052-12-17,Chanukah Day 2
2052-12-18,Chanukah Day 3
2052-12-19,Chanukah Day 4
2052-12-20,Chanukah Day 5
2052-12-21,Chanukah Day 6
2052-12-22,Chanukah Day 7
2052-12-23,Chanukah Day 8
2052-12-31,Fast of 10 Tevet
2053-02-03,Tu BiShvat
2053-03-03,Fast of Esther
2053-03-04,Purim
2053-03-05,Shushan Purim
2053-04-03,Pesach I
2053-04-04,Pesach II
2053-04-05,Chol HaMoed Pesach
2053-04-06,Chol HaMoed Pesach
2053-04-07,Chol HaMoed Pesach
2053-04-08,Chol HaMoed Pesach
2053-04-09,Pesach VII
2053-04-10,Pesach VIII
2053-04-15,Yom HaShoah
2053-04-22,Yom HaZikaron
2053-04-23,Yom HaAtzmaut
2053-05-06,Lag B'Omer
2053-05-16,Yom Yerushalayim
2053-05-23,Shavuot I
2053-05-24,Shavuot II
2053-07-03,Fast of 17 Tammuz
2053-07-24,Tisha B'Av
2053-07-30,Tu B'Av
2053-09-13,Rosh Hashanah I
2053-09-14,Rosh Hashanah II
2053-09-15,Fast of Gedaliah
2053-09-22,Yom Kippur
2053-09-27,Sukkot I
2053-09-28,Sukkot II
2053-09-29,Chol HaMoed Sukkot
2053-09-30,Chol HaMoed Sukkot
2053-10-01,Chol HaMoed Sukkot
2053-10-02,Chol HaMoed Sukkot
2053-10-03,Hoshana Rabbah
2053-10-04,Shemini Atzeret
2053-10-05,Simchat Torah
2053-12-06,Chanukah Day 1
2053-12-07,Chanukah Day 2
2053-12-08,Chanukah Day 3
2053-12-09,Chanukah Day 4
2053-12-10,Chanukah Day 5
2053-12-11,Chanukah Day 6
2053-12-12,Chanukah Day 7
2053-12-13,Chanukah Day 8
2053-12-21,Fast of 10 Tevet
2054-01-24,Tu BiShvat
2054-02-22,Purim Katan
2054-02-23,Shushan Purim Katan
2054-03-23,Fast of Esther
2054-03-24,Purim
2054-03-25,Shushan Purim
2054-04-23,Pesach I
2054-04-24,Pesach II
2054-04-25,Chol HaMoed Pesach
2054-04-26,Chol HaMoed Pesach
2054-04-27,Chol HaMoed Pesach
2054-04-28,Chol HaMoed Pesach
2054-04-29,Pesach VII
2054-04-30,Pesach VIII
2054-05-05,Yom HaShoah
2054-05-12,Yom HaZikaron
2054-05-13,Yom HaAtzmaut
2054-05-26,Lag B'Omer
2054-06-05,Yom Yerushalayim
2054-06-12,Shavuot I
2054-06-13,Shavuot II
2054-07-23,Fast of 17 Tammuz
2054-08-13,Tisha B'Av
2054-08-19,Tu B'Av
2054-10-03,Rosh Hashanah I
2054-10-04,Rosh Hashanah II
2054-10-05,Fast of Gedaliah
2054-10-12,Yom Kippur
2054-10-17,Sukkot I
2054-10-18,Sukkot II
2054-10-19,Chol HaMoed Sukkot
2054-10-20,Chol HaMoed Sukkot
2054-10-21,Chol HaMoed Sukkot
2054-10-22,Chol HaMoed Sukkot
2054-10-23,Hoshana Rabbah
2054-10-24,Shemini Atzeret
2054-10-25,Simchat Torah
2054-12-26,Chanukah Day 1
2054-12-27,Chanukah Day 2
2054-12-28,Chanukah Day 3
2054-12-29,Chanukah Day 4
2054-12-30,Chanukah Day 5
2054-12-31,Chanukah Day 6
2055-01-01,Chanukah Day 7
2055-01-02,Chanukah Day 8
2055-01-10,Fast of 10 Tevet
2055-02-13,Tu BiShvat
2055-03-11,Fast of Esther
2055-03-14,Purim
2055-03-15,Shushan Purim
2055-04-13,Pesach I
2055-04-14,Pesach II
2055-04-15,Chol HaMoed Pesach
2055-04-16,Chol HaMoed Pesach
2055-04-17,Chol HaMoed Pesach
2055-04-18,Chol HaMoed Pesach
2055-04-19,Pesach VII
2055-04-20,Pesach VIII
2055-04-26,Yom HaShoah
2055-05-03,Yom HaZikaron
2055-05-04,Yom HaAtzmaut
2055-05-16,Lag B'Omer
2055-05-26,Yom Yerushalayim
2055-06-02,Shavuot I
2055-06-03,Shavuot II
2055-07-13,Fast of 17 Tammuz
2055-08-03,Tisha B'Av
2055-08-09,Tu B'Av
2055-09-23,Rosh Hashanah I
2055-09-24,Rosh Hashanah II
2055-09-26,Fast of Gedaliah
2055-10-02,Yom Kippur
2055-10-07,Sukkot I
2055-10-08,Sukkot II
2055-10-09,Chol HaMoed Sukkot
2055-10-10,Chol HaMoed Sukkot
2055-10-11,Chol HaMoed Sukkot
2055-10-12,Chol HaMoed Sukkot
2055-10-13,Hoshana Rabbah
2055-10-14,Shemini Atzeret
2055-10-15,Simchat Torah
2055-12-15,Chanukah Day 1
2055-12-16,Chanukah Day 2
2055-12-17,Chanukah Day 3
2055-12-18,Chanukah Day 4
2055-12-19,Chanukah Day 5
2055-12-20,Chanukah Day 6
2055-12-21,Chanukah Day 7
2055-12-22,Chanukah Day 8
2055-12-30,Fast of 10 Tevet
2056-02-02,Tu BiShvat
2056-03-01,Fast of Esther
2056-03-02,Purim
2056-03-03,Shushan Purim
2056-04-01,Pesach I
2056-04-02,Pesach II
2056-04-03,Chol HaMoed Pesach
2056-04-04,Chol HaMoed Pesach
2056-04-05,Chol HaMoed Pesach
2056-04-06,Chol HaMoed Pesach
2056-04-07,Pesach VII
2056-04-08,Pesach VIII
2056-04-13,Yom HaShoah
2056-04-19,Yom HaZikaron
2056-04-20,Yom HaAtzmaut
2056-05-04,Lag B'Omer
2056-05-14,Yom Yerushalayim
2056-05-21,Shavuot I
2056-05-22,Shavuot II
2056-07-02,Fast of 17 Tammuz
2056-07-23,Tisha B'Av
2056-07-28,Tu B'Av
2056-09-11,Rosh Hashanah I
2056-09-12,Rosh Hashanah II
2056-09-13,Fast of Gedaliah
2056-09-20,Yom Kippur
2056-09-25,Sukkot I
2056-09-26,Sukkot II
2056-09-27,Chol HaMoed Sukkot
2056-09-28,Chol HaMoed Sukkot
2056-09-29,Chol HaMoed Sukkot
2056-09-30,Chol HaMoed Sukkot
2056-10-01,Hoshana Rabbah
2056-10-02,Shemini Atzeret
2056-10-03,Simchat Torah
2056-12-03,Chanukah Day 1
2056-12-04,Chanukah Day 2
2056-12-05,Chanukah Day 3
2056-12-06,Chanukah Day 4
2056-12-07,Chanukah Day 5
2056-12-08,Chanukah Day 6
2056-12-09,Chanukah Day 7
2056-12-10,Chanukah Day 8
2056-12-17,Fast of 10 Tevet
2057-01-20,Tu BiShvat
2057-02-18,Purim Katan
2057-02-19,Shushan Purim Katan
2057-03-19,Fast of Esther
2057-03-20,Purim
2057-03-21,Shushan Purim
2057-04-19,Pesach I
2057-04-20,Pesach II
2057-04-21,Chol HaMoed Pesach
2057-04-22,Chol HaMoed Pesach
2057-04-23,Chol HaMoed Pesach
2057-04-24,Chol HaMoed Pesach
2057-04-25,Pesach VII
2057-04-26,Pesach VIII
2057-05-01,Yom HaShoah
2057-05-08,Yom HaZikaron
2057-05-09,Yom HaAtzmaut
2057-05-22,Lag B'Omer
2057-06-01,Yom Yerushalayim
2057-06-08,Shavuot I
2057-06-09,Shavuot II
2057-07-19,Fast of 17 Tammuz
2057-08-09,Tisha B'Av
2057-08-15,Tu B'Av
2057-09-29,Rosh Hashanah I
2057-09-30,Rosh Hashanah II
2057-10-01,Fast of Gedaliah
2057-10-08,Yom Kippur
2057-10-13,Sukkot I
2057-10-14,Sukkot II
2057-10-15,Chol HaMoed Sukkot
2057-10-16,Chol HaMoed Sukkot
2057-10-17,Chol HaMoed Sukkot
2057-10-18,Chol HaMoed Sukkot
2057-10-19,Hoshana Rabbah
2057-10-20,Shemini Atzeret
2057-10-21,Simchat Torah
2057-12-22,Chanukah Day 1
2057-12-23,Chanukah Day 2
2057-12-24,Chanukah Day 3
2057-12-25,Chanukah Day 4
2057-12-26,Chanukah Day 5
2057-12-27,Chanukah Day 6
2057-12-28,Chanukah Day 7
2057-12-29,Chanukah Day 8
2058-01-06,Fast of 10 Tevet
2058-02-09,Tu BiShvat
2058-03-07,Fast of Esther
2058-03-10,Purim
2058-03-11,Shushan Purim
2058-04-09,Pesach I
2058-04-10,Pesach II
2058-04-11,Chol HaMoed Pesach
2058-04-12,Chol HaMoed Pesach
2058-04-13,Chol HaMoed Pesach
2058-04-14,Chol HaMoed Pesach
2058-04-15,Pesach VII
2058-04-16,Pesach VIII
2058-04-22,Yom HaShoah
2058-04-29,Yom HaZikaron
2058-04-30,Yom HaAtzmaut
2058-05-12,Lag B'Omer
2058-05-22,Yom Yerushalayim
2058-05-29,Shavuot I
2058-05-30,Shavuot II
2058-07-09,Fast of 17 Tammuz
2058-07-30,Tisha B'Av
2058-08-05,Tu B'Av
2058-09-19,Rosh Hashanah I
2058-09-20,Rosh Hashanah II
2058-09-22,Fast of Gedaliah
2058-09-28,Yom Kippur
2058-10-03,Sukkot I
2058-10-04,Sukkot II
2058-10-05,Chol HaMoed Sukkot
2058-10-06,Chol HaMoed Sukkot
2058-10-07,Chol HaMoed Sukkot
2058-10-08,Chol HaMoed Sukkot
2058-10-09,Hoshana Rabbah
2058-10-10,Shemini Atzeret
2058-10-11,Simchat Torah
2058-12-11,Chanukah Day 1
2058-12-12,Chanukah Day 2
2058-12-13,Chanukah Day 3
2058-12-14,Chanukah Day 4
2058-12-15,Chanukah Day 5
2058-12-16,Chanukah Day 6
2058-12-17,Chanukah Day 7
2058-12-18,Chanukah Day 8
2058-12-26,Fast of 10 Tevet
2059-01-29,Tu BiShvat
2059-02-26,Fast of Esther
2059-02-27,Purim
2059-02-28,Shushan Purim
2059-03-29,Pesach I
2059-03-30,Pesach II
2059-03-31,Chol HaMoed Pesach
2059-04-01,Chol HaMoed Pesach
2059-04-02,Chol HaMoed Pesach
2059-04-03,Chol HaMoed Pesach
2059-04-04,Pesach VII
2059-04-05,Pesach VIII
2059-04-10,Yom HaShoah
2059-04-16,Yom HaZikaron
2059-04-17,Yom HaAtzmaut
2059-05-01,Lag B'Omer
2059-05-11,Yom Yerushalayim
2059-05-18,Shavuot I
2059-05-19,Shavuot II
2059-06-29,Fast of 17 Tammuz
2059-07-20,Tisha B'Av
2059-07-25,Tu B'Av
2059-09-08,Rosh Hashanah I
2059-09-09,Rosh Hashanah II
2059-09-10,Fast of Gedaliah
2059-09-17,Yom Kippur
2059-09-22,Sukkot I
2059-09-23,Sukkot II
2059-09-24,Chol HaMoed Sukkot
2059-09-25,Chol HaMoed Sukkot
2059-09-26,Chol HaMoed Sukkot
2059-09-27,Chol HaMoed Sukkot
2059-09-28,Hoshana Rabbah
2059-09-29,Shemini Atzeret
2059-09-30,Simchat Torah
2059-11-30,Chanukah Day 1
2059-12-01,Chanukah Day 2
2059-12-02,Chanukah Day 3
2059-12-03,Chanukah Day 4
2059-12-04,Chanukah Day 5
2059-12-05,Chanukah Day 6
2059-12-06,Chanukah Day 7
2059-12-07,Chanukah Day 8
2059-12-14,Fast of 10 Tevet
2060-01-17,Tu BiShvat
2060-02-15,Purim Katan
2060-02-16,Shushan Purim Katan
2060-03-15,Fast of Esther
2060-03-16,Purim
2060-03-17,Shushan Purim
2060-04-15,Pesach I
2060-04-16,Pesach II
2060-04-17,Chol HaMoed Pesach
2060-04-18,Chol HaMoed Pesach
2060-04-19,Chol HaMoed Pesach
2060-04-20,Chol HaMoed Pesach
2060-04-21,Pesach VII
2060-04-22,Pesach VIII
2060-04-27,Yom HaShoah
2060-05-04,Yom HaZikaron
2060-05-05,Yom HaAtzmaut
2060-05-18,Lag B'Omer
2060-05-28,Yom Yerushalayim
2060-06-04,Shavuot I
2060-06-05,Shavuot II
2060-07-15,Fast of 17 Tammuz
2060-08-05,Tisha B'Av
2060-08-11,Tu B'Av
2060-09-25,Rosh Hashanah I
2060-09-26,Rosh Hashanah II
2060-09-27,Fast of Gedaliah
2060-10-04,Yom Kippur
2060-10-09,Sukkot I
2060-10-10,Sukkot II
2060-10-11,Chol HaMoed Sukkot
2060-10-12,Chol HaMoed Sukkot
2060-10-13,Chol HaMoed Sukkot
2060-10-14,Chol HaMoed Sukkot
2060-10-15,Hoshana Rabbah
2060-10-16,Shemini Atzeret
2060-10-17,Simchat Torah
2060-12-18,Chanukah Day 1
2060-12-19,Chanukah Day 2
2060-12-20,Chanukah Day 3
2060-12-21,Chanukah Day 4
2060-12-22,Chanukah Day 5
2060-12-23,Chanukah Day 6
2060-12-24,Chanukah Day 7
2060-12-25,Chanukah Day 8
